256 220
1518 9271 7760 4130 6614 8246 6546 4305 8037 5601 7304 9670 8857 1654 391 9320 5519 7647 430 7683 5410 1004 8463 4863 4133 7451 2747 2091 9941 1592 6520 6193 7326 5260 6797 7258 4909 4881 3948 8749 1632 6906 213 6711 6147 3445 6135 3887 3427 6182 2332 9270 9814 9896 2052 8541 4041 3367 871 2872 5864 2332 5171 574 5163 8254 7667 4773 7174 9297 3195 4501 3131 8087 236 5121 6191 781 992 2759 8298 2042 4183 7767 5236 8103 8503 4420 3271 8775 1435 6163 982 6815 4639 3866 2318 9966 8509 8972 6092 6990 7779 2576 8793 5828 9515 2069 6137 7323 2239 9465 7878 5920 3730 3631 478 1187 5903 5091 3922 5608 8105 1517 4384 614 3502 3044 979 7408 3982 9069 1993 7020 8503 4961 4952 4740 2450 753 8211 6998 4291 2228 5537 6238 9882 8943 3644 8954 7626 5201 4544 3333 6925 8906 2032 7647 2553 4427 656 6026 8599 6858 6973 5908 1940 9472 4952 4247 2484 6394 983 239 9236 3596 5111 1683 9604 742 2966 8311 3402 400 5202 6965 2179 4108 9491 8416 4764 7364 2968 7776 5277 6445 2968 5231 2052 1878 4014 6941 7825 8559 112 1946 2949 2688 3664 5983 7306 98 8378 7087 2656 8630 6230 4741 1897 876 7298 9697 9349 219 1946 2488 3086 9612 751 8433 547 4406 3860 6107 8302 6431 5935 5120 453 8167 694 4216 9483 6581 6603 880 1639 3615 1411 7117 7717 9906 5743 8636 91 5312
243 7854
40 4642
140 6260
116 6528
233 3306
123 1662
60 8427
242 8911
52 921
243 2051
103 8971
143 6691
122 9568
241 1032
122 2062
15 1824
255 796
61 2663
216 2866
1 4059
198 6040
131 2549
102 911
232 19
220 19
92 4708
242 9689
118 950
6 6721
203 6861
170 5996
82 6062
61 9192
178 7216
201 3293
70 9194
137 4691
190 6782
248 8626
49 6684
194 5597
61 8382
87 5225
64 900
53 1113
224 3501
248 8524
102 2027
200 4879
7 3920
138 613
161 4640
112 2457
117 7226
94 6698
31 6421
214 4191
114 196
162 7455
126 606
205 8048
223 8338
78 6564
216 2422
97 6760
198 8719
198 3460
230 3175
197 860
158 442
191 4551
16 5219
13 1533
124 7122
37 4335
185 4159
104 7471
189 4653
164 9288
82 5126
186 3113
17 5253
86 9596
171 2122
72 9920
114 1252
91 4943
53 6375
255 8200
133 5483
174 8033
96 7047
237 9961
26 3647
147 9701
106 4571
252 9455
246 191
125 370
84 1973
254 2659
121 764
40 8347
91 6405
217 7579
177 419
140 5305
253 8233
150 4111
79 5203
43 3461
225 3236
124 2899
12 8132
35 6153
60 4223
22 5221
42 3731
202 9570
245 4218
67 5782
78 5412
15 5975
34 5995
68 6487
43 3847
224 5834
68 3303
70 6709
184 8999
179 8878
42 3610
167 7150
94 7035
194 819
199 6418
151 8456
148 5524
248 130
53 6269
152 8418
207 8443
219 5865
54 3969
31 8935
126 1546
193 7908
90 8934
115 2549
138 5720
49 7034
135 9893
174 3597
139 7249
63 4477
102 2170
110 4079
32 5680
30 4360
94 1369
221 7801
205 2194
6 9669
46 6447
255 6665
30 8236
66 4318
62 4345
58 5098
69 9568
62 1875
251 2011
31 7145
40 7008
113 225
52 8081
153 9329
51 8163
133 5107
241 2719
210 191
76 7041
106 6642
135 3951
7 3113
100 4808
63 1699
161 937
71 4023
46 4527
202 7766
249 2677
221 6998
55 6244
55 4816
17 9596
240 6236
224 6767
169 3637
45 8075
40 2656
188 9602
164 849
233 4379
21 4684
21 695
27 9213
10 4799
135 1397
226 2453
231 8075
136 2634
21 1137
247 2908
24 7218
158 4885
184 1390
57 9532
2 9696
59 6975
