128 57
2902 4584 4283 9740 8800 2099 1021 1372 1134 2479 7424 7903 6581 10000 8476 4037 8661 3979 9048 8245 5851 3696 690 9109 3352 4112 7969 7762 8697 3779 9340 2566 3188 977 351 1064 9777 7281 7133 2761 2452 3509 3722 4544 1867 4302 8569 6294 8368 554 6962 825 1702 5531 9480 5209 3626 1423 752 1079 4388 7225 6311 4676 5119 72 8838 9775 6 2911 9728 6390 1742 154 5494 8459 5948 8000 5599 3236 365 5976 8835 2228 5364 6591 2265 7782 2952 9875 6832 9112 2392 4540 9734 6124 9064 7602 1950 6183 8244 2752 6567 6731 3036 7577 4927 612 5982 4212 1199 1557 4084 3432 466 3849 3058 3973 8647 4574 4672 7909 9192 6476 529 5321 9222 5637
83 1908
50 6128
114 3118
106 6669
15 3596
74 7257
25 4137
61 5074
3 2050
112 9134
46 1305
59 4858
56 4463
64 5222
47 3432
63 7232
18 641
55 9491
107 6004
64 553
95 9587
103 4273
126 3893
23 3664
126 9324
78 4579
56 9287
22 6389
104 2787
20 2896
60 8161
93 9466
10 5455
84 8625
121 2053
3 7275
74 4672
81 1324
99 1738
44 6903
72 343
23 9795
15 457
113 2383
70 6380
122 2219
107 5289
58 2921
21 2277
92 1075
96 4907
108 4591
71 9418
79 2357
105 8258
91 2907
99 4549
