4 930
7155 5963 1384 4624
0 3404
1 7353
1 5613
1 5101
2 4440
3 347
0 7165
3 545
0 2564
2 8189
1 9406
2 8358
1 2371
2 8784
3 6585
3 5969
0 7081
0 3827
3 5719
3 1638
1 8332
1 86
3 347
0 4886
2 341
0 6391
2 9159
2 1087
3 1531
1 2194
1 2385
1 8971
2 8364
1 6253
2 5527
0 5513
2 6775
2 1820
1 710
1 28
3 3020
3 6034
2 3255
0 751
2 5832
2 3875
2 4231
2 3855
3 5700
0 6100
0 3234
3 6523
1 6280
1 4311
1 558
0 6713
0 9858
0 2185
0 1198
3 3267
1 3496
1 2422
0 9501
3 7072
2 2182
0 9274
3 6626
2 8786
2 3862
1 7130
0 4087
0 2382
2 9874
1 2882
3 1117
1 2868
2 9107
2 2820
3 3367
2 7929
1 4045
0 6597
2 705
1 3359
3 2228
0 5185
2 5406
3 3428
2 7429
3 1563
3 7790
3 2311
1 9126
3 2289
0 3920
3 7749
0 1109
2 5240
0 210
1 8306
1 9407
0 9853
2 4481
1 6364
3 1543
1 5463
2 2837
2 7998
1 2807
3 6701
1 1907
2 1324
1 5341
3 8099
1 7254
0 7259
1 6911
2 6369
1 3896
3 8041
1 7858
3 3019
2 7901
0 8585
3 3714
0 7241
2 7480
0 4295
1 4918
2 5834
2 3778
2 2545
1 9860
0 7697
3 826
3 8378
0 1123
3 9887
1 3143
1 5028
2 5660
0 7835
2 7385
2 3488
1 2001
2 7528
3 1252
1 8335
3 4063
3 4862
3 933
2 4644
1 7103
0 4743
1 3166
2 53
2 2732
2 1061
0 9663
1 8881
0 8784
2 1353
1 3548
1 3106
2 3408
2 2596
2 7925
0 4807
3 4775
1 6514
0 1689
1 5642
3 6874
2 2664
2 9055
1 1694
2 3177
3 7603
1 6856
0 8413
3 3779
2 6990
3 6541
1 3817
2 8927
2 824
3 2910
1 6667
3 6412
1 885
0 1518
3 6306
3 2202
1 2402
2 8002
3 6256
2 6095
2 6608
0 9418
1 9328
3 11
2 224
1 21
1 8030
3 5775
3 9377
0 1574
0 4483
1 6605
0 2572
2 6645
0 7524
2 4999
2 7220
3 4826
1 3659
3 8630
0 6928
2 9434
0 1827
3 6301
0 1372
2 6026
0 9531
0 2321
0 609
3 4777
2 9797
3 4336
0 7983
3 984
2 6786
2 8381
2 6383
0 8757
2 1369
2 4917
3 8388
3 5914
3 8425
3 1022
1 5403
1 2249
3 1353
2 5765
2 1106
0 3273
3 9132
2 4481
2 2683
0 1642
2 6337
0 3246
1 9094
0 1792
2 6244
2 1457
3 9372
2 2296
3 2383
0 2139
2 8572
3 8984
3 1903
1 7123
0 8287
0 9974
0 7561
0 864
2 3681
3 9169
2 5860
1 7163
1 839
1 5343
2 1116
1 2689
0 3010
0 8789
1 6868
1 3344
1 1794
3 8804
2 7415
1 481
2 8745
2 1146
3 141
1 1460
1 967
3 2073
0 889
0 6093
0 3079
2 4811
2 817
3 312
1 5403
0 9607
0 9120
2 392
2 3243
2 2967
1 1
0 2609
1 5652
1 7819
1 2632
0 5352
3 3175
0 8836
3 876
0 2057
1 6943
1 5380
1 556
0 8151
3 6600
1 7635
2 2439
2 7953
1 6330
0 9034
0 2912
2 2766
2 2015
0 8186
0 1648
1 4856
3 530
0 6816
1 6796
1 122
3 1770
1 208
3 2624
3 5528
1 7307
0 5210
1 7875
1 6370
1 8624
1 9756
1 1441
1 6568
0 8272
3 1530
2 8249
3 1998
2 8672
3 9739
3 8305
0 1048
2 8038
2 2423
1 1223
1 6552
0 6678
3 4386
2 9122
1 7213
1 5373
0 2213
3 3700
0 1783
0 3723
3 8914
2 7505
0 3361
2 7280
0 7794
3 8622
3 5440
1 7121
2 2039
3 9205
1 4066
0 1667
3 897
2 2024
3 9828
3 4350
2 5959
3 675
2 5390
1 5651
1 27
3 2662
2 8846
0 3537
1 3279
3 8439
2 9041
2 2999
1 6571
3 6128
0 9828
2 3427
0 879
0 1950
1 914
0 2890
0 7816
2 6444
2 5264
0 7262
1 1944
3 2387
0 7526
3 9094
3 4804
1 6605
3 4939
2 6396
0 9423
3 9604
2 4775
3 712
2 5588
1 8540
1 7700
1 919
3 2754
2 6448
3 1776
2 9440
0 9261
2 1626
1 3674
3 6427
2 7562
1 246
1 34
0 5934
3 7395
1 3030
1 2556
3 8272
1 8216
2 4262
2 205
1 5844
0 2321
2 6718
0 3601
0 6996
2 7690
1 53
0 7320
1 3883
0 8783
0 1522
2 6794
1 389
3 6650
0 6607
1 8884
3 6293
0 2190
1 4318
3 2021
1 7562
0 5637
3 665
3 6513
2 7459
1 9564
0 5122
3 896
2 9798
0 5396
2 2746
2 2467
0 8722
2 5398
0 5154
0 3213
3 338
3 4697
0 2660
0 6494
1 5988
2 4274
0 2529
2 908
3 4272
2 7078
2 9804
0 4908
1 8424
0 6382
1 4692
3 1132
2 566
2 8080
3 7306
0 7681
3 3851
3 422
3 1287
0 8163
0 8891
2 6891
1 6558
2 5721
2 4490
2 1699
0 1678
1 5516
3 4486
2 5786
3 6916
2 1533
1 4062
2 78
3 3213
2 2560
3 4985
2 1737
2 9095
0 8189
3 6507
1 6213
0 6605
1 785
0 1166
2 214
3 3003
0 854
3 8206
2 3281
3 8484
0 8856
3 5368
1 4613
1 8746
2 9684
2 8967
1 2882
3 2948
3 9438
1 4717
2 8809
0 1887
0 4230
1 532
0 949
3 3251
2 831
0 2855
0 5228
2 7463
1 1240
3 4957
0 4273
2 3130
1 4457
3 7767
2 8828
1 5422
0 1410
1 1073
3 4617
1 8163
3 3673
3 1376
2 3487
2 9554
1 1222
0 69
0 1865
3 5272
3 4741
3 5660
0 4230
3 9236
1 6926
2 306
0 3786
2 9352
2 3618
1 2042
1 274
0 1885
3 7071
3 893
3 6653
3 9998
2 7241
1 5872
1 4485
2 9606
2 4778
0 1811
3 2343
3 600
1 2662
0 5308
0 8719
0 1450
3 525
3 1874
1 3759
3 424
0 7595
0 3248
1 1960
1 2449
1 2528
1 389
0 6926
2 6424
2 7621
3 36
0 8631
3 9545
2 2948
2 1190
0 3919
1 3120
2 9038
0 1797
0 4107
3 8184
1 862
1 3445
2 542
1 6455
2 8999
0 2332
0 538
0 3250
0 3071
0 1792
0 316
3 4658
0 2013
1 7943
3 6722
3 1250
0 2037
1 350
0 7329
2 8527
3 1755
3 9816
3 3943
0 1405
3 9831
0 7036
3 8125
2 9142
0 1405
3 9330
1 8445
3 3262
1 1708
1 2252
3 9425
2 4654
1 1162
2 9613
1 9816
2 9692
2 2289
1 1815
1 2956
0 4403
3 9254
0 9021
2 3693
0 9608
0 8506
0 7137
2 3076
3 910
0 6345
1 646
3 1851
2 5342
3 4314
3 1375
3 2018
1 7739
2 1325
1 1100
3 908
2 8510
1 108
1 6985
3 8343
3 2718
1 7225
1 1536
3 813
3 9718
0 4607
0 8508
0 6199
0 1926
3 1831
3 7534
0 9105
1 25
2 8823
1 1256
2 9511
3 1643
0 2544
2 235
2 9644
2 7430
1 2501
0 814
0 7760
1 7859
3 6498
3 241
3 8926
2 5927
2 4760
2 2625
2 8077
3 9603
1 7248
2 284
2 6863
2 6470
2 3606
2 7131
1 3335
0 8793
3 2448
0 3927
0 8337
0 2924
0 2468
2 2591
0 5506
1 5130
1 8893
1 597
0 6783
1 5057
2 4732
1 8598
3 5193
1 3367
1 1536
1 2676
0 2396
2 9530
2 8025
0 3152
0 5772
3 5757
0 2506
2 1056
1 2884
3 56
2 6200
3 8038
0 3090
3 3732
2 1673
3 5509
2 1715
3 4811
2 1694
3 685
3 2812
1 9269
0 4028
1 5977
1 3375
2 2764
0 4282
1 9794
0 548
2 1409
2 6889
1 2502
3 7666
3 6177
0 8992
3 8875
3 8377
0 870
1 5519
2 4016
3 6646
1 9731
0 3083
1 1353
1 2542
0 4993
3 2161
3 2073
3 6574
2 3325
3 3517
2 4225
3 4452
1 8775
2 8552
2 4459
0 2425
1 2052
1 159
3 4642
3 1420
2 8888
0 2836
0 1687
2 3424
2 5422
2 6983
0 1216
2 6666
2 3704
3 8125
2 4496
0 1789
3 8453
2 9038
3 8078
1 9464
0 8441
2 2781
3 6344
0 2321
2 2815
3 7723
1 6941
2 7024
2 5851
2 314
1 8984
0 7315
0 1605
3 4065
1 4801
0 2487
2 7677
3 8317
1 7457
0 1225
3 8146
3 7711
3 4543
0 2695
3 7546
2 2975
3 1636
1 3838
1 8601
0 9697
2 8199
1 4640
2 1550
1 612
0 3267
0 6601
0 2745
0 525
2 3438
3 7603
2 5668
2 4499
1 9200
3 650
1 748
1 7198
1 1378
1 4810
1 6580
1 4675
3 3634
0 9361
1 4482
1 6716
2 4188
3 1475
2 7349
1 6258
3 7509
0 7323
2 7600
3 939
1 3154
0 9194
0 7217
1 3009
3 5030
1 7123
0 7584
2 7813
3 8817
2 7008
2 2263
3 7285
1 8399
2 5318
0 346
3 5811
1 2417
3 1378
3 8337
1 1453
0 8987
2 6967
2 5360
3 4584
1 5878
3 7659
2 7868
3 6635
0 1517
2 2310
1 9072
1 4378
1 609
2 4450
1 3726
3 4865
1 3473
0 3177
1 5297
2 7204
0 8597
