128 564
444 9672 5909 392 4623 9490 3713 7301 9002 3813 153 6870 840 5210 347 6063 9649 5570 9630 6546 2104 3685 8610 3130 4499 5029 1119 687 2174 9275 8975 9640 8132 9203 62 234 2075 1747 772 8772 348 3147 3317 7526 5971 573 832 9277 4913 2649 4190 9788 1659 415 6882 2981 6253 8881 2821 4127 8222 1939 210 7928 402 1144 5198 3753 5562 1895 3472 7768 7292 4606 9058 8200 7962 6447 4303 8336 8839 4146 9934 5636 8710 69 5787 1777 2458 7670 6555 9663 5967 7487 7283 1239 8014 52 2953 650 4135 2997 997 9569 9382 7410 1078 57 1351 3342 2683 5211 4505 2826 1180 1091 8780 1255 6917 2914 9821 788 1343 9288 7580 5459 8659 5107
119 2872
116 1146
35 7905
37 3479
116 4859
73 988
21 6780
119 7343
11 5165
83 3703
6 7468
82 7768
120 2357
95 1835
48 60
73 5079
59 9421
69 7803
21 197
22 9672
105 9503
113 9766
86 9763
59 4263
62 3408
80 3910
60 8769
68 6918
98 6710
23 1994
8 7890
88 1197
75 3765
29 6604
6 3514
74 8024
96 3163
25 7056
91 4976
58 2122
73 9721
7 5426
12 3495
9 2061
121 6621
16 6966
55 6016
34 564
120 3757
72 1877
98 1517
101 4646
60 3305
23 704
51 473
116 6609
26 7816
5 2575
13 1461
28 1514
104 1147
36 7582
16 1085
15 2750
1 7096
25 7617
80 7711
111 4165
13 9453
125 8472
64 2600
65 9078
127 9224
117 2163
86 873
114 281
101 6377
13 2827
114 9337
103 2339
19 4577
98 820
59 5262
101 3853
38 7959
39 1037
92 9506
110 211
86 7487
32 4999
101 7549
110 3266
112 6997
61 3405
107 8512
110 8811
91 369
73 880
22 6994
29 9439
3 9686
106 993
125 7047
10 5447
100 3346
2 5083
81 7613
111 9504
43 756
74 9434
116 9355
117 8998
56 2899
104 6703
6 2102
107 7669
64 1876
2 3567
57 1697
120 3811
27 7445
10 9480
116 5324
95 8869
48 3930
57 2382
88 9236
71 9438
3 9054
65 3407
66 7553
92 4268
99 6651
114 27
45 570
11 105
72 4740
102 5853
101 8849
89 6114
76 1904
104 9122
7 8331
61 8644
34 5098
111 9390
127 2052
101 5531
94 5580
108 2309
11 6641
59 9639
78 7376
123 1157
92 1223
107 2073
103 5282
56 186
69 9115
67 1157
82 9840
3 5240
54 6018
63 1617
73 3264
37 3198
22 2836
24 6323
36 8253
63 9066
52 2527
115 7090
91 4308
109 5
110 4263
52 6436
85 5926
122 6096
83 2277
49 8556
65 1965
46 1213
89 7155
122 4916
40 6273
2 6237
50 4294
53 7927
13 9980
123 8738
70 2142
72 2438
81 3002
81 114
83 1491
101 118
16 1989
122 9326
57 841
82 6309
110 5971
67 3817
64 3753
68 4018
31 2968
48 2843
90 4850
111 7993
110 262
119 1354
82 3099
70 2568
24 1623
59 2375
46 196
100 5099
63 1612
25 5205
113 9248
107 1064
91 4988
56 9957
17 545
94 8200
0 7355
89 396
45 7894
50 7801
74 2160
94 5871
6 390
67 6371
9 3551
55 7390
25 895
117 2333
10 1144
41 7144
85 5231
117 3655
99 2714
16 3454
113 9914
22 9647
79 4590
43 5713
117 340
55 5313
110 63
59 3242
84 9518
80 8222
105 1314
125 7244
74 5898
52 4415
119 6928
40 3836
62 271
98 6554
56 1456
78 3569
82 3475
120 9170
121 3560
112 1652
76 760
62 2002
46 4165
35 5975
75 3175
34 5576
122 6201
44 6790
19 1250
85 2078
15 2588
7 959
10 2308
44 3681
36 382
44 3871
97 2367
76 4823
100 2617
33 402
108 1889
118 9947
101 5867
48 4765
89 5049
65 7402
99 6440
40 2097
103 3961
23 1678
117 5301
74 8167
22 2743
104 6056
15 4837
48 2739
94 7266
1 4592
83 3175
54 1787
88 4104
0 8309
108 7758
13 6630
127 3056
0 9320
114 1617
37 7234
109 1971
18 5791
23 497
87 5128
97 6716
94 7439
30 7538
29 1238
78 1336
28 6866
54 4685
60 9593
108 4954
84 6877
21 2473
95 2966
68 5096
72 2000
126 4687
119 2500
30 756
108 421
79 2030
8 8936
107 9526
27 6228
105 4700
54 6753
107 2387
17 8805
53 7788
65 8018
112 5257
30 578
2 1747
43 1167
114 4010
107 3716
43 7722
36 4503
97 7397
4 7573
95 5942
14 609
43 827
103 6338
51 7930
117 8299
86 1853
12 8151
57 4096
32 617
97 9849
5 5382
55 5598
79 7227
75 8821
91 3852
80 7012
83 5682
39 6263
102 9126
33 3846
103 2120
23 3424
117 1709
83 1052
104 7215
23 4201
36 5549
22 1541
43 9627
102 1085
88 4001
89 3990
80 5653
118 8895
90 1302
7 3852
73 5029
61 6994
70 7029
120 9924
61 3198
111 9514
21 3427
111 3529
13 6333
85 2268
104 9664
62 1344
115 2729
100 2448
43 6115
80 3470
65 2129
80 3813
74 6153
68 5826
117 8585
69 4366
42 5192
55 562
43 4230
43 3783
28 6382
98 9773
5 616
20 8603
90 2798
95 8678
112 4251
50 4489
114 266
100 4442
126 3755
114 5740
15 1265
22 3939
108 9575
75 3934
122 4695
96 4288
73 1093
120 3649
69 2153
127 5799
53 5975
32 5602
0 8231
62 8056
87 8615
59 4087
23 6970
109 9874
76 902
7 5536
18 5489
69 3200
84 7800
5 1278
29 3687
92 5800
18 6808
11 7545
41 6466
80 1543
18 1033
68 2835
16 2328
82 8053
116 3648
31 1137
12 3840
33 7535
86 600
63 9265
41 1655
33 1036
37 3998
53 2431
78 7247
58 6577
91 1727
84 2322
32 7761
84 9640
31 1917
123 5257
111 4448
35 1076
61 2842
115 2560
119 6760
84 4749
15 3936
70 8949
15 4374
105 4980
16 8052
84 5728
14 2889
50 2882
6 3999
31 5475
123 5983
57 5180
92 8050
11 3542
45 4589
112 2780
17 103
30 3485
32 8318
55 44
8 5563
109 6419
96 8794
30 2339
89 6422
4 9138
93 8535
32 284
95 8085
105 1069
82 3410
19 5197
17 5483
124 2333
113 3661
0 5161
106 4638
93 1615
110 1876
96 3190
75 4736
107 5223
113 6908
117 2721
29 157
126 3804
121 6254
7 8538
7 1687
48 4895
42 9141
30 2178
39 2355
83 4024
64 9604
97 9378
127 628
43 2277
43 2243
32 6679
77 1626
1 189
126 4132
29 1807
63 4918
28 2942
126 2835
2 2002
112 3252
21 6117
81 7541
89 6536
79 3502
33 5356
75 6032
