128 911
1212 8458 3528 6268 722 896 1309 2450 4918 4501 7024 2738 8542 6996 8646 3815 214 5359 8849 7798 6758 7936 5937 4191 3446 9070 9747 4839 884 7396 5760 9179 4409 9083 157 7255 2860 2004 5629 3916 305 3776 6335 4721 5022 4904 4761 8047 264 3373 596 8910 6149 5939 6114 2081 9693 1531 383 3604 5879 310 4089 2935 4427 2487 1009 9502 2058 4357 8651 6517 55 6946 2739 216 6514 4280 2735 3955 8517 8507 1400 8982 6856 5959 4458 3959 7242 3797 8939 3352 1460 2954 2173 8976 1207 2110 7698 5561 9023 8317 8350 1257 6780 6524 3011 9227 6617 9395 8611 6831 2500 1798 6771 8622 3751 6445 550 2268 4384 299 1279 1399 3483 1341 9573 4412
125 3036
9 9515
12 2959
73 3430
120 9443
93 3641
24 145
48 9445
74 7916
36 3557
121 7369
51 3499
96 1893
17 144
105 5379
18 3693
95 4469
8 2341
30 3647
8 2881
127 397
62 9027
105 5678
70 5320
107 1652
127 9926
41 2933
74 9892
61 8988
18 1769
27 7529
20 6641
20 7991
6 5942
68 2525
50 4905
60 9252
36 9427
57 4695
53 6755
10 4987
94 6245
55 9349
11 1071
78 4277
7 6216
95 4425
120 3062
46 246
23 7117
74 6065
127 8533
101 6861
101 8573
15 943
88 8482
63 7904
82 3016
23 6666
81 693
52 7110
13 4495
112 4440
12 5018
102 2923
124 1767
27 6813
40 3569
25 934
20 9801
53 2571
82 5325
74 5053
100 1707
18 2222
95 9911
127 8867
55 8542
94 2700
52 2789
123 5833
1 6911
77 2660
28 3614
46 4683
10 513
24 7114
23 9108
79 7952
92 6793
75 8166
55 1894
43 4456
59 5527
57 3361
68 492
86 672
109 5713
68 6507
41 4561
13 5172
21 6935
90 8596
72 6645
90 8576
86 8242
92 4202
17 7646
29 2689
31 4131
19 7265
2 4681
18 24
23 8078
11 6589
17 4448
116 7688
110 5174
29 7258
14 4935
57 1302
86 4681
54 4460
108 4546
73 9315
60 297
92 4203
21 2631
80 2583
42 4235
24 1246
49 9645
15 448
61 684
28 4505
1 3921
8 3772
105 8691
33 3736
50 8364
32 375
95 3254
71 4089
20 9393
8 3176
44 9733
112 4144
48 2523
75 5717
107 5287
60 5517
83 6788
66 9163
121 543
92 4759
90 3139
34 5534
41 7262
19 6872
122 4377
64 1768
0 8167
118 3056
107 5333
1 9016
108 4155
121 9443
15 5906
87 3285
57 7158
113 812
112 4656
123 3664
121 7351
97 439
73 736
25 9187
100 8795
32 6884
114 8284
14 9415
103 6795
62 3216
21 9563
65 6980
81 9348
124 7921
60 6567
124 7064
62 2922
88 9588
122 1966
115 6222
6 426
51 3069
79 7437
79 5178
45 5564
46 5996
0 8984
29 6315
107 8222
6 7450
61 1892
19 8277
13 1569
30 6181
17 1301
40 256
81 6441
71 1098
11 3670
49 8676
58 5598
57 7258
60 9316
52 50
53 8448
75 6739
13 4613
1 5041
3 6859
114 4176
11 3242
22 7658
20 1703
79 3048
65 2902
41 3337
79 1702
63 2142
104 9235
62 1229
26 9664
66 8288
6 1938
48 1701
58 2731
109 2837
31 1635
112 1986
74 5765
114 4034
46 6730
37 9349
1 1680
118 2641
11 6088
81 9832
75 4873
80 5620
119 1148
82 5223
114 5121
55 6563
93 9997
38 8932
79 309
36 5338
56 5510
55 6224
94 5806
117 9744
69 4563
31 6182
1 3485
106 5789
15 3167
89 1375
80 9667
18 2511
53 1722
13 3679
84 6668
40 9076
42 7711
54 5798
105 7691
4 5546
20 5535
88 7832
42 8998
31 7667
114 3666
98 5895
49 9570
22 3814
4 5811
108 2377
18 3154
22 89
93 1686
108 8361
104 9404
94 4360
71 3686
43 5822
48 5493
125 6034
44 4037
82 4176
58 6688
69 5901
100 5951
11 5020
103 7571
18 631
81 5792
42 242
77 5879
119 6224
87 1066
73 729
24 4056
58 9884
4 435
50 8343
79 3127
73 9284
115 7638
122 4066
28 6304
97 2644
90 3914
111 1956
29 6541
105 755
79 6836
74 5060
105 2702
44 1162
102 773
117 9847
95 5342
71 2787
59 6682
122 6701
87 6701
100 1795
52 1779
46 544
113 1424
1 5295
57 422
54 7869
86 1176
113 6563
60 247
38 5022
45 1543
70 3221
29 7222
72 8321
16 7652
107 8720
71 4107
55 8244
91 2188
31 1484
47 3142
6 8450
25 7527
39 4862
101 8401
105 4186
2 9046
127 260
6 9619
5 4401
1 4443
24 8423
98 4007
84 5453
52 3311
1 6837
24 1827
88 8036
55 5208
65 162
67 8140
15 9132
113 141
92 9137
30 9089
8 8797
115 7925
61 9806
5 6244
29 7591
26 6174
111 2278
18 2900
126 6272
10 512
60 2668
121 2955
124 2000
109 8692
35 1862
108 5076
107 8582
73 3234
31 7568
0 641
31 2354
105 1913
23 9294
10 378
1 7134
46 2390
38 3358
77 1293
123 3276
20 5889
26 1293
124 8420
54 7575
90 7144
54 1415
105 2490
44 9724
15 1973
112 1262
34 7530
3 638
55 2347
29 1979
25 2325
18 3310
48 2172
5 3281
24 4568
74 3974
48 2764
4 1823
100 992
127 8626
54 4215
96 7524
37 2113
63 3383
100 7310
46 5425
122 9040
41 542
19 6006
114 6455
123 9956
101 6721
108 8750
57 569
85 3055
54 1258
41 5963
64 5589
25 2885
65 1327
118 9202
31 7101
46 5712
42 1227
117 2975
64 6951
59 716
103 5620
115 2140
72 6089
49 5028
49 6088
10 8588
126 705
101 6518
99 4488
58 7634
111 287
86 3448
115 8675
119 9355
83 5735
92 992
46 7969
92 1601
10 5688
21 9591
89 9888
72 4510
54 6815
110 7470
124 8995
92 6179
35 9730
122 8551
104 8118
4 7811
52 3466
4 9221
82 5052
110 8158
97 7541
16 9538
3 3670
117 5603
45 2438
123 5264
42 253
34 9642
42 3020
64 9929
62 9770
3 2144
61 9912
80 5556
1 2783
80 3775
13 292
69 5795
24 6611
124 4918
117 7341
33 7920
122 175
116 6994
99 5274
107 5435
10 7856
46 7859
103 5749
115 4702
44 3189
51 7499
40 9222
98 7989
28 2776
100 9145
78 8414
13 3411
113 2002
78 3461
57 5951
45 7673
85 6411
32 3057
29 4557
47 6653
6 8256
25 8100
101 6531
78 908
86 2364
126 8106
22 5328
83 426
100 5520
75 4898
81 9079
56 8389
111 1238
15 7811
35 9289
63 7642
123 7619
15 3921
119 132
20 6961
119 4875
106 4741
19 3161
16 725
122 6535
118 47
127 7785
1 8088
115 4871
7 7879
38 5603
81 4776
97 923
104 5346
80 2395
53 8301
51 5062
40 2983
72 6013
92 7378
10 5637
87 915
106 7136
104 2138
26 8409
66 8412
52 9684
82 2639
103 9148
86 7353
71 3094
36 5036
98 8280
88 5387
114 2154
55 3615
14 4139
99 6009
77 3314
117 222
127 9215
59 5858
17 7779
62 4372
52 1607
7 4954
16 5703
28 4363
86 8232
55 559
67 2514
71 1592
116 4319
42 1256
84 4159
37 8643
15 7613
67 372
71 5283
25 436
14 1257
109 4911
75 9357
76 627
5 6129
112 7873
46 1461
86 9852
111 7123
62 8382
46 2308
106 3834
73 2801
89 7114
122 7991
114 412
50 3712
33 1771
10 9895
63 9983
94 8008
97 723
64 9742
57 8945
117 1891
40 2126
44 180
77 2878
41 1523
50 4555
28 5017
10 7164
76 3718
40 4148
31 3248
25 2462
103 6431
52 5985
96 874
20 4688
33 3057
106 7234
42 6860
47 1904
117 8222
117 3405
106 1456
53 9553
34 7420
122 829
22 8027
47 435
74 4675
9 1705
99 1756
121 17
98 72
107 3415
93 8395
16 8360
49 2210
89 2206
115 6137
117 3605
103 193
73 6121
33 3449
28 9701
65 9334
38 8076
112 320
38 242
43 6867
45 8187
105 3803
88 3973
18 3905
93 7913
95 2056
40 6254
58 7760
21 8858
108 9071
27 7557
63 6771
124 6513
107 972
59 2510
70 8243
48 2975
42 4801
6 3279
115 6021
99 2722
84 4040
42 638
35 2364
45 6416
119 821
99 8208
50 5794
5 8237
79 7526
44 8595
122 5943
98 9497
93 6788
4 3598
44 35
17 4925
58 683
116 373
26 3687
83 51
15 8917
7 1515
26 9725
60 1273
38 6790
14 7914
30 9368
66 5869
77 4562
45 6511
86 9858
27 3295
1 6398
113 2153
31 4696
95 3998
99 7561
59 4153
17 5494
124 9659
96 6064
59 6766
107 2587
120 3129
60 256
71 4309
68 1238
85 9461
80 904
16 4821
30 1993
10 5460
97 8393
107 4318
38 9179
54 3529
77 4022
2 946
84 1133
20 9347
109 6344
73 7352
36 8614
3 888
107 7886
80 8322
69 4501
101 8294
61 3238
108 5539
115 2932
101 3990
42 9784
40 5055
84 9075
64 1657
77 8777
61 3524
119 6238
19 45
61 3485
124 964
87 4223
58 7681
127 4198
83 6780
27 9367
56 3140
0 9165
100 7072
42 9668
122 3132
23 5354
21 9453
115 6416
88 8205
50 4581
27 1635
110 7767
106 7937
104 9666
118 2769
22 1311
48 9192
102 7223
74 7298
46 953
55 9795
20 9765
114 7214
5 9542
82 6176
31 3868
113 4598
16 2986
94 9818
0 9296
110 411
42 1699
95 990
31 2201
87 1689
10 4547
28 3011
103 3989
101 5478
5 7460
50 6977
89 1539
32 8539
124 2035
38 9005
79 3331
43 7993
126 195
102 1821
99 3009
7 7669
32 4096
4 1160
7 5625
51 645
124 5220
55 3308
114 5055
10 4966
81 3729
82 4430
9 1865
6 9653
60 3480
25 2758
17 4022
116 6901
31 89
113 9037
8 4682
93 992
102 686
77 1864
119 1415
69 9012
100 7829
106 1503
2 6089
84 2765
123 102
90 4161
90 1127
26 7064
116 9189
34 5877
58 8214
89 8683
46 4460
19 3719
29 877
0 2672
126 1435
25 4703
71 7624
107 6273
27 2751
28 5733
105 3219
81 4385
21 281
118 5413
38 5845
61 2936
74 5641
124 3867
120 2476
