64 789
7956 3790 4726 792 756 8345 700 6935 5361 6050 2566 8552 6209 3696 8291 7472 104 7684 3508 6609 1184 1511 8482 77 3440 1309 3241 6636 5968 3211 3324 8518 102 8163 7962 3270 4653 1216 238 415 8429 2972 7127 1917 3528 9547 2053 1676 562 8360 1077 2553 1631 1546 4252 1772 4639 9758 2137 3720 2227 6619 502 7053
5 6270
50 9620
37 3146
51 1598
50 6924
53 8031
11 5150
51 561
45 6936
32 8756
6 6136
37 6999
38 4096
22 9596
26 3871
0 1705
26 1569
19 9685
39 7812
58 8431
43 6046
49 6131
62 5067
17 3482
61 4376
54 8112
4 895
17 204
5 9541
56 7662
51 548
56 3533
49 6796
47 5963
16 5227
63 9922
8 9852
16 8685
46 8984
15 1813
61 2553
23 1394
33 4184
41 5087
0 4651
8 7319
56 2222
28 9462
58 5983
5 3127
60 1946
59 9286
12 4346
36 2421
42 9164
41 7876
48 629
41 3443
45 1536
10 4369
34 9307
5 5962
40 1533
8 1002
0 5977
19 3285
42 6219
29 427
42 6945
32 9799
27 7258
42 4314
63 2979
42 5095
23 4405
41 7829
34 3069
24 3092
15 7884
63 9051
50 4239
56 4654
50 6369
41 9180
43 4997
39 8599
31 997
6 7402
14 2689
14 5800
34 6064
5 5420
55 2515
59 9067
52 1674
53 7839
63 9917
15 8771
13 8048
35 1652
41 3552
61 7147
25 711
24 6070
39 809
44 5342
37 4815
32 8772
39 5996
16 8237
18 348
2 5675
31 383
17 6657
23 9122
34 7075
12 6675
9 2655
38 6341
26 7460
29 4393
29 1858
63 7198
15 9437
33 6206
11 9436
1 904
56 3429
10 113
51 3930
13 5393
3 6358
38 9659
47 5301
29 6840
32 6877
52 8079
38 3579
18 6810
33 68
34 4303
41 1664
41 3210
36 8394
59 2034
8 6870
50 6276
14 6424
63 7240
47 1524
62 4161
36 554
63 4731
21 9879
54 9388
27 5069
23 2197
23 5585
28 6776
16 3838
40 3482
47 6110
51 5296
15 5899
8 9580
34 6325
35 4589
46 4524
39 617
32 5472
28 9213
19 1378
2 6889
20 2514
59 5405
17 504
5 1064
26 1691
54 2096
1 6816
0 6981
37 472
23 9298
20 8012
43 2125
5 6015
8 4271
25 2513
18 6721
43 9733
49 818
20 6421
59 9234
48 92
25 3128
59 9639
22 1549
60 8056
7 1262
9 8535
18 4070
48 6420
35 2319
39 5172
48 9943
30 271
6 6543
48 5726
49 21
62 8008
63 582
44 6518
58 5856
11 9405
62 3848
4 5015
61 9678
37 1003
5 5712
2 2390
27 5635
21 2600
39 3814
16 9581
27 7240
14 5049
32 4249
9 6777
44 2154
23 3255
4 7708
21 7564
43 5290
30 4931
13 7698
36 2661
48 852
9 5195
51 7571
26 1860
44 8428
46 8398
7 2004
5 7316
45 3360
50 8702
2 1810
39 6470
49 60
54 2624
25 221
40 209
16 7110
12 9398
12 3283
60 2178
9 5373
27 960
57 7104
1 9163
39 4353
18 8144
7 5302
16 7950
57 8867
27 2567
8 2599
10 3645
56 5665
35 9361
59 9704
54 2008
54 5339
53 7610
33 4309
49 4542
21 8273
35 1585
6 8453
3 6139
46 435
11 3147
38 358
27 6657
35 3551
29 342
43 3457
11 7488
21 3330
55 5120
6 8529
22 4959
62 4120
20 3302
36 9315
62 7600
13 4155
9 385
5 560
14 8873
28 5734
63 6150
19 4139
32 9905
3 3974
16 7177
33 7870
4 3326
40 612
27 1712
4 8522
50 3010
2 6022
56 4361
33 2176
37 333
32 1833
29 8517
7 6028
0 9738
5 9860
50 8738
24 1670
41 7777
6 6954
11 1656
35 1588
61 4557
56 3229
47 9378
61 9438
20 1093
32 3031
12 6736
48 9805
33 4590
7 4711
23 1742
12 537
30 6530
48 537
21 3105
11 7012
10 3217
47 7669
36 4535
59 4245
2 4333
47 5388
20 1750
8 7943
3 8580
21 9040
56 7851
45 4695
32 3072
23 6412
18 2139
45 1132
55 7929
3 6886
39 4338
0 679
52 3613
32 2620
10 2540
28 3072
59 4005
34 8957
32 2793
63 3237
5 7796
46 6193
18 1850
5 9275
26 9012
52 2466
32 2877
28 59
61 9576
46 2105
3 8798
21 3406
3 7877
2 2929
30 875
29 2954
33 4891
7 6989
26 3286
44 9008
28 4636
9 8534
3 6771
26 1843
40 3062
40 9298
56 9923
54 5291
8 2003
38 6212
25 4865
31 4346
15 4955
4 7783
38 7181
58 7127
13 5510
49 9633
35 6
10 5749
59 7447
17 1019
62 5016
16 2868
17 1152
15 2750
28 1872
13 661
2 3490
18 4112
20 4648
52 1527
42 3054
4 8173
15 1694
14 2219
59 5575
61 7778
40 1791
44 3234
1 9359
1 1365
58 3592
7 1316
6 2987
13 1757
26 7203
50 2164
41 5048
1 4912
52 3779
26 8592
37 2158
18 6025
24 3299
47 8631
15 583
6 1082
50 6700
32 7146
54 5422
23 2512
44 2618
59 3152
14 3685
20 510
47 6367
18 3980
29 9534
60 6006
13 7199
49 5125
32 2620
44 3698
60 5195
31 9666
30 5192
36 4402
41 7288
45 5972
18 6025
11 201
53 240
29 391
10 1332
34 5459
26 8619
61 4834
6 8301
22 3966
7 2205
51 476
28 1969
24 9766
22 1302
19 6306
27 5730
1 548
35 2276
5 4229
6 7807
11 8347
41 5888
57 2477
41 24
20 7513
24 939
1 8096
34 5889
35 7090
57 4312
32 8715
23 3561
34 5795
37 838
49 3803
7 2279
33 1591
51 8915
31 7173
28 9922
59 4864
37 3992
63 4878
19 4321
34 5465
44 2272
39 6554
0 2819
4 6859
8 4224
38 1056
24 9589
25 1546
11 602
12 541
15 4053
1 2542
63 1343
23 689
30 8812
6 6590
34 7943
54 8987
59 7931
15 8744
16 5212
25 6220
19 890
17 4894
37 4585
48 4292
37 2413
38 3121
18 597
31 2708
42 673
40 582
12 2541
11 2811
8 1307
59 90
49 7695
38 9234
51 5213
21 2173
29 2104
50 1022
27 8482
6 3327
3 2346
34 6728
22 2970
47 3456
39 9967
34 6692
14 6247
13 31
0 5312
16 3105
46 6181
25 7346
22 8054
26 2388
63 2543
58 2606
54 5003
14 3506
52 308
25 9075
40 4272
52 208
42 8724
15 8278
41 5408
0 5472
39 3827
32 5197
47 1568
56 9504
55 8821
55 7947
18 8689
45 1501
2 8687
4 1810
16 4238
2 4185
36 4377
40 2336
8 4935
41 7307
28 4165
33 1016
36 4505
39 4164
1 4582
58 7700
0 8781
6 8111
17 3985
60 9515
54 3836
0 8645
14 8454
34 6874
5 1269
62 1418
57 9749
12 8709
39 428
37 7761
43 2387
32 4794
63 852
30 4182
59 6956
41 3440
19 897
48 7789
35 4147
16 6133
39 7994
56 3810
42 9657
10 9835
30 8505
47 2239
34 6415
42 7653
61 696
24 7101
35 1384
16 8798
49 159
18 5134
62 431
33 6021
52 338
23 4823
9 4948
34 3276
9 477
38 1438
15 2946
4 7679
38 5698
33 1276
45 8145
18 1187
17 1746
48 8405
51 1913
58 2651
39 8181
22 7565
44 3396
36 2556
8 577
24 5948
51 3697
43 3832
26 7156
49 5602
15 6309
28 4889
15 8336
49 9270
55 2387
16 1420
49 653
58 5249
32 4422
19 6952
33 1959
7 6759
18 3279
5 3348
42 9721
33 9119
17 2950
49 5412
6 8496
33 5395
52 3362
14 4483
46 7093
49 1
4 6109
14 2317
28 7980
10 7734
40 2521
12 475
23 1455
57 9639
15 1345
54 9884
20 8755
22 5517
36 287
59 8735
45 6864
18 7477
16 1762
38 3222
17 7539
23 4759
19 5658
40 7216
26 9246
13 6624
29 4937
38 4199
33 4684
23 5933
38 3088
31 5051
27 4396
51 5341
35 4180
4 1111
28 9733
39 6610
44 3058
14 9090
11 6403
51 3220
55 3784
34 1902
51 4703
27 2762
4 7568
7 7891
41 7349
6 6347
35 944
14 6440
40 6460
51 1020
63 9782
13 1505
56 9449
34 7120
14 7603
9 4370
33 6037
49 2474
58 9691
41 78
7 5686
39 1532
27 3046
31 9244
60 4280
12 8246
4 5277
14 1464
11 5188
3 9275
25 5087
55 2608
32 1859
61 6402
61 7914
25 4748
52 8558
37 2269
57 7033
43 5396
28 6712
26 1219
3 2285
21 3675
52 1727
25 6960
45 9583
9 3641
