1024 261
6226 5080 1107 9712 4527 2912 1035 1592 608 5167 637 5924 4448 1785 2067 1582 9420 8228 7715 7254 344 7034 970 8706 845 6738 2670 4289 2416 2051 1847 3803 1176 5991 3900 6401 142 7226 8001 82 514 363 4944 2986 56 3698 3463 8897 798 6769 2233 3189 9084 491 5865 879 9206 151 6319 6047 8935 730 5605 2475 1539 8681 9489 9916 8656 2449 1821 6320 5256 170 6506 1503 9051 3678 7222 5583 2883 122 8732 9450 1593 4350 1190 7994 2498 4278 7590 6229 8004 8586 414 9181 611 1888 9439 1456 326 7810 2692 7528 4436 2008 5000 5841 6813 2391 4859 6362 9461 3987 107 8354 3028 7811 7813 4490 3213 3938 4599 8459 1129 3250 7297 5442 5663 8776 3080 1338 4021 543 939 5295 7242 4022 799 6016 5104 2875 182 6966 7554 3425 9968 6756 3741 6141 682 280 8978 9232 6624 4868 3240 1424 3252 368 248 4459 574 8192 9725 7559 1165 9602 666 8101 6007 6745 455 8665 2708 2092 1955 5117 8571 2329 3506 446 6419 4479 4538 1704 3557 2201 9842 979 1429 322 6666 8379 9711 4792 1022 9763 5454 3825 7332 341 6682 1344 8225 1975 3990 5874 2651 3444 827 6640 9329 7325 3472 5252 2100 8494 6096 3606 274 6568 9518 9248 5969 4699 7267 6615 8872 4753 8780 490 7049 6595 3031 3330 6095 4949 216 2118 5379 5564 76 8801 7090 7917 5767 215 3752 320 5227 8974 1240 3333 9991 6894 5816 1960 1701 9447 8518 9412 3590 2415 2199 5939 3084 9641 7905 5705 6883 8012 138 9383 3597 2882 5106 52 862 6490 3610 27 6231 8461 4266 4448 3157 8942 8999 309 7693 5074 2641 5500 9073 832 6578 6020 1514 9635 1409 6926 1415 3373 3888 5448 3949 8681 2607 721 6811 7981 3039 1680 3980 3881 958 4796 1984 7783 5849 5542 3266 7244 6380 581 1618 4019 5828 8108 1633 3356 9806 8396 668 4828 6794 1399 2902 9330 7288 2848 659 2124 5146 8318 6562 1283 682 1889 240 2767 54 1531 6440 8154 3814 3353 8456 3715 6470 2907 121 9669 5058 6605 9556 8423 863 1966 6995 9926 1468 7841 613 553 6332 4808 4944 9566 5979 7081 9195 6434 7233 1477 3248 4109 3455 2918 5252 5810 5531 5458 8481 5640 7967 5231 7722 8611 8902 5464 9445 147 4229 2557 5857 1738 4017 5236 9427 5820 641 671 6001 5037 1471 9026 1834 112 9176 9314 6880 7671 2185 1477 1827 5772 2326 5681 4131 3264 8424 6615 9464 2736 6510 5846 7969 2694 8504 3842 1759 1833 4537 3943 1476 6894 3219 2214 8407 7486 1028 3646 9103 7032 218 9980 563 5466 3454 6456 7195 440 3463 216 240 2620 388 8362 4630 3990 5169 3772 9801 9838 7536 8430 2151 5105 3001 9772 1291 6544 7024 5441 2913 5310 26 7070 6472 7417 6947 2201 6459 5154 9026 8262 9387 3924 4644 1373 7169 9937 1592 2078 3116 8525 1407 3402 5484 2070 6339 3662 7256 2788 6179 5935 4763 7418 365 4057 4063 7579 455 5455 9789 6554 2814 4246 150 8472 1546 8523 2059 9722 9618 2357 8675 2985 8358 4237 5793 3593 4531 7222 8614 8566 57 6770 441 6788 6963 765 3885 6991 5880 8907 4597 4305 7435 489 2485 2732 5579 4726 5603 6219 8624 3258 3472 5991 5095 2097 8373 3452 3058 3893 8339 7447 4857 9191 8923 2088 9229 473 27 2771 5715 617 491 9212 3149 1803 7710 7286 8637 2482 5765 7235 9937 1214 3310 3722 3193 5679 4485 4112 3873 1565 94 7384 603 517 6815 2632 5860 440 889 3351 4949 6093 2339 6244 2828 6121 9950 7924 3787 380 7795 4052 1273 6234 9106 5060 459 1377 3938 1385 9558 4278 1579 6939 547 8303 2802 6339 5685 6891 7167 6565 2998 8813 9108 361 8775 225 7363 991 702 6501 2794 5738 8338 4571 2735 465 6478 4955 6472 9867 2004 6405 1631 7203 9015 15 2830 4659 1752 9408 8309 4838 2863 7424 5604 6862 2222 5326 5587 7387 2980 7532 8016 7952 7250 3271 5031 9568 1282 7426 3529 4908 5525 632 1135 2459 889 6744 2986 8715 4839 6816 1835 7370 8872 9413 3667 7808 3659 8825 2020 3051 8385 6571 8851 930 3775 8129 7207 5210 2688 8723 5887 9017 4769 6302 9187 5069 1503 4567 5715 4988 6700 9383 6343 4765 8338 3849 8792 7455 196 3938 2036 3897 80 123 709 9034 9124 3617 9198 138 4247 6834 6056 9251 8155 6471 3367 4500 7572 6051 5962 2793 5524 2370 7013 1360 3115 713 2340 2202 5358 2539 9637 3796 8460 1577 4155 2666 6603 2779 4292 1357 78 7892 4463 1504 5041 7333 9068 5225 688 6281 5316 8290 390 6744 3065 3405 8716 907 6870 5353 4157 3324 4078 1488 6396 2179 4622 9077 5332 6752 5203 2500 8402 65 5293 8069 5467 2339 4597 4796 7889 2543 1752 4954 1165 6663 826 2159 7165 665 196 2708 1968 763 2430 8597 7680 6436 7132 7971 6211 649 5268 1790 1916 275 5845 836 2262 5818 1075 791 7131 7143 9939 5428 8981 9141 8706 8837 6985 4300 8974 594 9495 280 8446 8441 143 2558 7504 6954 2142 1211 8685 7733 5904 6782 5577 6788 6754 6054 5635 7171 2303 2244 4373 5944 9581 7310 5716 529 3800 9840 6340 8429 2342 5043 7616 7352 4810 649 2016 6540 3767 3304 4175 626 1002 1812 1399 4613 2039 9070 548 5137 8349 3673 5948 917 6905 4617 7619 9007 3884 9871 9075 5297 7443 981 3740 4556 1254 6245 1964 4476 2950 6972 9301 9567 8332 3852 8647 5181 296 1806 3214 3124 8494 7160 322 2254 7022 9488 1971 4831 3085 7043 3646 3596 3296 5286 1802 4786 3946 9033 6420 4232 2845 4651 3247 1687 6269 5534 1740 6243 5787 2080 8806 8112 7353 9735 4071 2208 233 8710 82 738 1536 8505 9391 1958 1477 2672 6039 3486 7640 8375 1115 1752 4362 8097 5004 6391 2008 4546 6951 5469
523 4893
621 7550
734 1270
748 2255
417 6210
149 36
237 1478
671 7195
513 3594
619 8472
1013 4432
623 2302
36 3283
931 8708
52 5974
808 2591
382 5569
263 8944
663 7852
991 3151
557 4272
837 8702
522 8454
254 9388
729 1158
65 4863
953 6608
343 2822
399 9071
320 9968
325 9916
402 4589
618 7116
557 9876
722 4595
704 576
458 8545
709 6693
604 3294
246 6767
1013 3316
948 5329
569 8903
648 7710
80 2110
424 6474
292 5609
83 1772
182 1283
441 8128
44 1928
80 8559
322 2756
473 1217
497 3746
536 6151
70 2281
547 8726
289 7207
393 5650
635 2506
622 7735
245 5737
973 1293
774 7857
812 1617
143 8632
288 7197
617 8684
760 4034
502 9650
537 3918
847 9606
50 2295
532 2193
54 147
777 663
902 105
302 7664
809 7167
731 8195
78 2475
793 5962
399 6708
961 6348
686 374
169 8466
745 1327
676 6253
755 9920
488 5945
454 8380
772 4286
503 6570
883 2831
541 9993
285 4270
253 7817
201 7099
109 3819
728 9077
139 9266
666 3269
646 5795
367 7616
702 8355
834 313
753 2073
207 2247
349 8653
109 8582
36 7333
129 2421
964 668
809 8925
50 3491
166 8814
425 1656
599 323
705 5565
138 8131
322 9749
127 9132
320 814
33 7491
683 7923
589 5269
78 5881
296 7523
979 4052
605 9373
922 1452
407 9673
166 2468
809 4369
246 5359
762 4097
116 5641
641 4008
698 8073
612 1603
975 7179
834 5191
940 3356
176 3733
835 1829
490 2577
696 9635
177 8267
162 7556
739 4273
302 9914
316 7735
312 7059
410 6521
510 966
698 611
420 2937
1003 1934
733 1315
766 4875
913 572
630 4414
345 4720
707 2398
260 1612
691 8847
214 9306
702 5448
184 1410
646 8441
890 2292
258 4618
165 6240
969 8593
311 9120
1015 1955
161 1227
73 9513
810 1702
29 2591
99 8100
10 5609
757 2453
704 5473
830 5026
170 1016
904 9477
514 4180
930 8065
25 3114
274 2517
50 3746
716 723
303 4744
340 5895
975 8072
2 9653
636 5083
399 7656
951 8004
225 3448
813 5566
420 166
884 5701
1005 2295
489 9332
369 6357
988 3032
443 1104
817 9145
502 6132
122 3797
27 7867
602 7320
937 9476
835 1230
111 7166
66 562
467 2053
477 2140
842 9674
994 6963
779 8135
944 6889
397 9100
755 4573
99 5398
805 1024
653 9503
334 2592
1017 8815
704 2101
826 5122
736 3789
517 3761
84 7572
78 9954
417 1015
49 8562
715 2054
852 4499
396 7817
49 7232
694 5557
178 2843
486 8519
355 2851
756 4117
733 4405
11 5423
449 9877
934 1504
464 5910
179 3591
663 8672
824 4822
886 5496
250 6262
773 1950
175 3680
