32 303
2537 7917 1957 6122 5090 4615 4561 7278 8049 8508 1060 2119 4738 6442 6969 2897 2852 2226 2945 4631 1717 249 28 3670 2061 6477 5981 8827 6002 4868 264 4583
13 3586
25 4135
7 2466
16 9468
19 5852
12 2050
26 169
8 7577
14 5143
7 7948
31 9088
18 9385
24 4716
10 8632
24 7594
14 7538
3 5972
5 9933
17 8898
5 1583
14 9522
19 376
16 6830
12 5331
4 9561
18 6059
4 9689
1 368
22 8271
17 9799
1 1726
24 8355
24 1789
22 1356
18 1792
23 3261
29 4919
31 3239
29 8867
10 4546
0 1752
22 3426
26 3223
29 6529
27 7025
6 4545
19 5978
24 230
1 7908
26 9008
13 4895
30 7519
5 8262
15 1139
29 3375
0 3523
2 4466
13 3415
18 3941
10 1435
19 3886
31 9640
9 4215
30 2667
13 2505
27 3027
28 41
29 5943
21 4403
16 511
31 7388
12 2808
14 7857
14 2416
27 6324
29 5861
10 5643
10 534
29 2954
14 952
28 5450
21 2514
26 1468
29 5297
29 1388
21 4649
29 490
2 7679
11 7439
4 8054
13 1052
14 8684
20 1229
18 9310
27 5349
17 255
3 8914
7 5364
29 6156
9 2302
1 8601
15 6279
13 5988
21 7229
27 435
20 811
6 4650
0 4416
16 6287
22 9271
15 3936
27 6920
20 1317
16 8209
18 6893
31 4422
28 718
17 8779
17 4753
26 7638
14 9233
17 3700
18 6696
4 533
18 5235
19 9234
11 224
31 6162
9 6658
0 5469
3 9343
28 700
19 885
26 7450
28 1678
15 9268
31 8310
2 7965
4 2091
27 7282
4 1874
28 3450
16 4310
4 8139
21 7746
14 7045
17 7408
2 1130
14 2720
5 4311
26 2267
7 4476
10 3766
18 5812
13 5345
30 4901
31 5719
4 8773
27 9023
21 9764
17 9612
7 4257
7 4606
14 2346
30 1609
6 453
26 125
27 273
13 8515
2 7739
9 4584
13 8039
24 8295
18 5506
26 1342
1 4584
7 8380
25 5399
23 3341
10 3829
12 7613
0 6140
1 6154
19 1357
8 9444
14 3595
3 8272
17 1939
3 1656
21 3606
13 9313
25 7554
31 3006
28 9189
16 9443
15 9654
6 1419
22 5357
11 523
0 8680
6 6389
13 3803
31 8890
1 6548
14 6483
0 4842
30 992
1 1508
0 5140
16 470
3 5703
9 8523
16 9462
15 7660
24 5679
25 2454
22 7617
29 2637
5 1835
27 5689
30 6660
30 1999
17 5696
6 2199
10 6596
13 3979
17 3375
22 882
28 2613
22 3312
28 4468
27 4707
11 2303
3 2270
24 4136
26 9289
18 1626
14 9336
16 72
7 3928
24 7952
1 2079
15 937
22 3965
30 985
10 6462
5 9044
12 3016
12 4588
14 9432
19 8584
21 7799
3 4075
0 5905
22 3054
30 7379
17 418
1 555
25 5244
14 8589
16 2131
13 3475
14 8566
17 6440
26 6844
10 1668
7 2093
30 3793
27 9532
15 592
3 221
7 4219
18 9891
17 6432
7 2181
17 508
28 2558
25 7491
30 7647
14 1018
13 6499
24 9889
15 315
4 6666
30 7499
2 2680
11 4469
30 556
28 8305
10 3387
3 2085
20 3292
21 2558
31 1989
28 3503
12 3944
9 3215
26 7899
19 8916
29 1123
21 3325
9 8927
0 8667
