8 145
4081 7756 1938 5078 3642 9057 5735 4641
3 402
7 6820
7 1381
0 2106
3 6557
2 1303
2 6911
7 7054
1 5262
5 2379
0 4405
4 5281
6 298
4 8105
6 8314
1 8046
6 2554
6 6406
4 6869
5 4958
2 2858
6 8178
3 495
0 678
6 751
0 4089
2 3081
7 7313
7 8145
2 6144
2 9923
1 5060
5 6135
1 759
3 6183
5 4129
4 9646
1 2044
0 7048
7 6194
2 1037
1 3813
6 2248
7 2233
0 5235
1 1444
3 5613
4 2055
7 8408
2 8740
2 5134
3 1957
0 3028
4 9591
2 1058
7 9575
0 2745
1 5119
0 5547
7 4308
6 336
1 4607
3 1474
1 6693
5 941
7 2345
5 3038
2 9391
6 6122
1 159
3 7620
6 9347
0 9327
3 1652
2 7458
6 3369
1 44
6 8206
3 6398
5 2360
7 6500
3 8371
6 2328
6 8607
5 489
0 7195
2 7524
5 5680
0 443
0 6654
7 5550
0 890
4 6686
3 7763
1 1153
5 7526
2 2422
5 565
3 7919
2 8933
6 6645
1 8308
0 2671
4 4561
1 7579
1 8595
6 655
0 6194
4 8222
3 2525
7 9432
0 8173
7 1676
4 6936
0 3831
2 9316
3 7817
4 4888
0 9988
7 9284
7 5752
3 1384
6 6070
0 380
1 9214
5 194
0 5333
3 3345
0 3441
1 3138
5 1387
2 5405
4 6113
6 1679
1 4377
6 6381
1 9242
3 1429
1 7356
2 996
3 2362
6 6266
1 7885
1 9913
6 3425
