2 313
5261 9691
0 8038
0 9622
0 3978
1 6495
1 7312
1 7240
0 5912
0 2816
1 452
0 6718
0 2636
1 6469
0 4842
0 4935
0 3415
0 7735
1 2154
1 4159
1 7603
1 1964
1 9896
1 2014
1 8479
1 8392
0 3670
0 7559
1 7931
0 2870
0 9383
0 6933
1 3297
1 6996
0 7824
0 935
0 8833
0 9607
0 8455
1 5109
0 1245
0 6850
1 4586
1 2187
1 9078
1 8575
1 1202
1 4008
0 1114
0 9902
0 3965
1 2903
1 4681
0 234
0 2753
1 337
1 7222
1 8070
0 5780
1 3690
0 2068
1 8785
0 9504
1 4215
0 260
1 988
0 9950
1 6992
1 2419
0 4823
0 5338
1 8830
1 7749
0 1001
1 3333
0 1615
1 3230
0 5087
0 4017
0 1221
1 1464
1 2933
1 4170
1 5729
1 2312
0 3566
0 2480
1 8867
0 6223
1 1705
1 1987
1 2715
0 406
1 3992
1 7685
0 8133
0 6480
0 3590
0 3435
1 8907
0 3567
1 4774
1 5884
0 6025
0 6199
1 9849
1 3971
0 3016
0 4145
0 6048
0 2304
1 6349
1 434
0 7040
0 4196
0 7178
1 2871
0 4971
1 6691
1 3751
1 6019
1 4236
1 6810
0 9671
0 447
0 499
1 5190
1 8349
1 5927
1 520
0 8483
1 8555
0 6260
1 1664
1 1279
0 9484
1 244
1 1164
0 8462
1 9676
1 8068
1 6103
0 808
0 9443
0 1337
1 2923
1 6595
0 5820
1 3126
0 2378
1 817
1 1985
1 2641
1 4576
0 6330
0 7582
1 6467
0 3952
0 2603
1 5558
0 1641
0 5660
0 7005
0 8644
0 101
0 362
1 498
0 2521
1 7693
0 9227
1 6235
1 3003
1 6968
0 7371
1 2537
0 3561
1 8170
1 5286
0 5809
0 6217
0 738
0 5171
0 4420
1 2635
0 8657
0 4799
0 9966
0 5855
1 6035
0 2354
0 2752
1 1194
0 6261
0 1698
1 4495
1 2091
1 3842
0 5688
1 6791
1 8145
0 8944
0 9375
1 2546
0 9331
1 3569
1 113
0 1593
0 5518
1 7109
1 5378
1 7012
1 8210
1 2202
1 3067
1 9184
1 2168
1 3311
0 4117
0 1305
0 9836
0 7284
0 7472
0 6544
0 4735
0 4724
0 8447
1 5904
0 1687
1 1178
0 5971
1 537
1 6828
0 3161
1 9260
0 1904
0 498
0 7329
0 3887
1 3465
1 3445
1 5471
0 7931
0 9409
0 4221
0 9328
1 6391
1 5952
1 232
1 5822
0 7087
0 5230
0 3539
0 421
0 5896
1 7105
0 5573
0 5407
1 8634
0 5886
0 9891
1 5029
1 5144
1 8005
1 6991
1 3471
1 9303
0 622
0 8020
1 8112
0 9355
0 744
1 9030
0 852
0 5631
0 665
1 43
1 1863
1 5432
1 9539
1 9284
1 3594
0 5772
1 7771
0 8879
0 8833
1 2856
1 9503
1 3212
1 3769
0 5529
1 1987
0 5036
0 4466
1 4642
0 8521
0 2404
1 7757
1 7133
1 2883
1 1562
1 4814
1 5714
0 5452
0 5708
0 9743
0 3927
0 2132
1 6771
0 7578
1 5084
0 4966
0 4365
1 6490
1 9694
0 2532
