4 171
2281 3972 4034 6069
3 4862
2 5258
2 8241
1 4944
0 3620
0 5897
1 3687
3 6919
1 617
1 4830
1 6429
1 4952
2 2379
2 2863
0 8866
1 2037
0 8849
0 6536
1 3830
3 2187
0 9805
1 867
3 9027
2 2150
0 2230
2 2464
2 4689
2 6206
2 3646
0 572
3 4529
1 367
3 8152
2 4468
3 7982
2 8031
2 9261
3 9128
0 9090
3 1398
2 1331
3 918
0 7258
3 3777
2 231
1 5827
2 6585
3 8160
2 1170
0 9410
3 8247
2 4250
1 8436
0 4411
2 1957
2 8615
3 1578
2 3006
3 3501
1 7356
1 5030
0 9064
0 9793
3 5626
1 2479
1 5163
0 5050
3 9930
0 4620
3 462
0 530
2 5861
3 2085
3 6071
1 9740
2 3514
0 9507
0 1291
1 3093
2 2974
0 2561
3 1050
0 5808
2 9149
1 8121
1 7624
1 7936
2 1265
2 2864
3 110
0 4426
0 8435
3 5597
3 3575
2 1021
1 4736
2 7960
2 8580
1 6323
0 2975
3 699
0 3747
0 5494
1 7800
2 4281
1 6947
2 1740
2 7147
3 7348
1 5734
3 467
0 7208
2 1156
0 8730
3 2870
2 4988
3 8444
0 2635
3 2920
3 8729
0 5396
3 876
3 6711
3 4950
0 5529
0 9274
0 2573
0 6967
3 4533
0 8955
2 6950
1 7894
0 799
1 152
3 8840
2 5689
2 9642
1 9087
2 3309
0 191
0 5560
3 1482
3 4318
3 9500
3 2152
1 6351
1 3988
1 2550
3 6048
3 9664
3 7661
0 9294
1 3730
2 2223
3 4669
3 9296
2 762
3 4852
1 2226
3 5731
3 1146
1 3081
3 8139
1 1536
0 8225
1 9352
1 4011
3 3586
3 5358
0 3937
0 3882
