16 431
7000 9987 5684 8715 4647 625 9033 1391 1684 6786 4060 7011 5209 7816 5900 4803
10 7763
0 2451
6 4765
12 7094
10 6058
9 3027
9 6051
2 7639
14 3628
15 3416
12 760
10 4623
4 985
0 4735
15 9203
6 1329
1 6328
4 7893
3 8720
3 4372
10 9784
5 9140
14 8434
9 3633
6 3801
10 6654
5 7296
0 8109
5 8487
4 5836
2 1594
2 8166
2 391
4 1451
2 5746
9 5788
4 9377
3 1589
12 6796
9 8764
15 8693
1 959
1 9321
1 8155
3 7764
3 3959
5 2234
2 5390
4 8140
2 387
5 3965
4 3321
2 7006
1 3424
6 123
6 4044
9 4101
9 5884
0 48
12 8566
11 1112
12 9440
3 2913
11 5419
11 4059
13 214
7 4441
3 7210
6 2798
12 9310
4 4845
5 9711
3 978
4 7309
15 160
5 422
13 7168
1 6007
2 8271
0 577
6 664
4 6012
5 495
0 951
14 3115
11 6350
11 1253
4 2098
4 2991
10 1939
8 9891
13 7518
14 4627
1 2694
10 7707
11 6193
3 2977
13 4216
11 1492
13 360
13 6281
7 9947
4 5645
5 8789
10 5753
12 4202
14 1868
13 3201
6 6753
5 234
4 2072
13 2378
15 8723
8 1354
8 6195
2 6914
12 6683
14 163
11 4618
11 1801
14 1736
10 2236
2 3880
2 7460
1 7260
5 8243
9 8086
11 6336
12 703
7 7987
3 9407
12 288
10 9105
0 2046
15 70
11 8678
7 9496
13 2314
7 6477
11 9944
13 5098
0 9573
10 4876
6 8754
3 4508
2 8180
8 7578
5 299
4 2730
15 1836
8 400
14 5552
0 4952
15 2071
7 1831
14 1416
14 7363
13 4092
4 6762
8 2601
9 280
11 5895
7 9018
0 6231
9 2606
0 2519
1 526
4 3369
1 8249
14 5507
2 7451
0 4962
13 5897
13 7143
12 6207
8 8586
4 3798
6 6590
9 5882
14 1711
3 1996
1 4355
13 4513
6 1507
9 7323
14 1360
13 5562
0 6344
0 5515
12 3805
6 5257
1 3074
14 2615
10 6646
11 7252
3 5786
15 8655
0 2124
13 9847
1 7544
1 6898
8 1718
15 4059
14 2279
6 9796
4 9443
10 1979
4 7149
13 6698
14 8474
10 566
12 4177
6 1880
11 9580
12 581
5 6635
12 1787
0 865
13 7208
3 6271
6 4372
5 3139
1 7332
0 2424
13 334
5 4409
2 7750
3 7667
1 6699
14 8966
6 8981
9 5631
6 4472
9 4342
14 296
9 2315
15 822
10 6507
9 9469
9 4137
8 5633
4 5389
13 9904
7 1064
13 6755
7 9072
8 1738
0 8530
1 5249
15 7874
13 9657
4 9918
13 2237
3 5390
5 7103
9 3578
10 3630
6 5954
15 144
15 2389
1 5949
14 1839
7 4236
2 9941
6 3041
11 7755
3 271
2 8083
6 3176
0 9875
5 7677
14 8419
12 571
10 1100
1 9013
2 8371
0 6263
0 2060
9 1786
11 6444
2 7245
9 595
6 5918
3 4331
10 4899
1 5746
9 5710
0 5372
8 1447
13 8741
12 2208
13 8859
4 8722
3 3226
8 3124
15 4571
1 5513
1 6423
3 2788
9 9616
13 4420
0 9110
14 2922
7 3107
13 1221
14 3505
14 6049
11 926
15 1180
2 9993
1 6779
5 1407
9 7004
12 9128
9 7304
2 7631
4 9916
13 3469
11 335
8 2502
12 4279
8 8913
6 2116
3 1943
13 890
14 3613
7 9175
5 7106
5 685
12 2127
5 794
3 2137
1 7388
13 7441
7 9466
13 7913
8 4115
0 63
13 4009
1 4898
4 9067
10 9775
4 1925
5 5625
12 8415
0 8714
15 6198
14 3527
13 6672
12 6760
14 6471
7 2823
11 1023
3 2246
5 1370
6 3436
11 2544
7 6835
4 5952
10 6075
8 4296
15 419
4 2369
11 350
7 2083
0 9519
3 6761
0 142
8 5151
5 9828
5 1413
11 7169
6 6647
5 3026
0 2207
0 8802
12 843
8 8789
14 8992
10 8519
9 842
12 8076
11 7713
0 5660
11 6009
14 627
1 7535
9 3134
5 8293
5 1224
5 5095
9 7412
1 3798
13 2572
11 8134
4 2407
10 5231
7 2881
14 3847
2 3556
9 5734
3 8728
8 2280
8 2497
12 7719
2 9380
0 7133
11 8938
12 5011
5 3083
9 9776
2 7809
14 1284
2 637
15 2444
15 7811
9 1240
13 5463
11 2
12 4070
5 4387
5 3013
4 3006
14 1918
1 8670
12 814
10 5500
0 9031
4 1725
9 2180
8 1261
