839 724
621 861 4514 903 7537 8017 4599 4839 671 7297 7614 7331 1464 3766 1151 8504 9551 1240 8969 2698 1721 1404 1816 8579 8101 6999 6801 4434 5834 8174 2813 2459 981 5703 107 8071 3217 4649 4556 5524 8144 8031 9417 8349 9075 7342 1533 5150 1369 8020 8489 7018 8704 2358 4919 7861 9830 4366 4499 2543 866 1807 991 9956 2380 3469 769 2407 9800 1098 7263 6998 4757 2628 3321 6281 5381 975 9285 5978 88 693 4159 3584 5769 318 873 236 4717 2274 6692 757 8172 3311 1119 6343 8629 9570 6785 8914 1582 8322 4360 9220 4906 2984 9964 4511 7907 940 6021 2452 6492 5214 7053 5992 8468 4710 1425 5428 5537 5601 1272 7532 680 7387 2293 9769 7789 6887 9401 5888 2119 4592 6321 6626 935 4986 4779 9618 5663 8533 1574 3854 5324 8944 8282 6414 6639 2228 853 5241 8873 8738 696 2732 7330 3497 189 5983 8189 6137 2791 720 2221 5775 26 5193 340 1705 7961 7474 298 2873 9197 7477 9541 7370 2944 4967 6670 1561 4497 4188 9456 5149 7072 9230 1004 1117 543 5318 2564 9503 4154 7065 8985 8888 9711 2189 3880 3375 8664 8582 4438 8370 9809 5527 4357 9211 3146 2234 5544 8664 5110 6577 9682 3366 1778 3081 7 4250 6903 8186 3429 8250 199 2069 3679 7078 3018 7127 2333 4094 2020 6622 4719 5666 4663 7366 9986 8128 9809 7848 3089 1463 4800 2418 3880 758 6224 8192 5524 4995 4332 1364 966 8040 6876 9744 9282 5832 6027 8191 1058 247 5660 8274 6630 9947 1383 6408 6139 8149 7499 5073 8544 4398 8827 8696 2611 1618 9292 2706 2637 6584 6499 7889 8807 3272 9647 8794 1523 7789 9395 9967 6677 564 4690 13 9842 6450 3524 5875 3848 5103 5031 2416 2534 1145 4878 2897 9840 8535 4294 9002 6959 6585 972 5302 409 9197 4350 8861 7179 2224 1603 1619 7248 6529 3611 102 6565 3111 4045 8535 993 1930 6615 7477 9796 2577 299 5994 3701 2679 2923 873 3398 9238 9183 7845 956 3688 1596 3961 28 9038 5393 3785 2519 6399 8064 560 7625 6268 2927 5279 6469 6565 1569 5233 3204 782 6290 8290 7868 8253 504 9020 863 7900 9648 2094 7305 5620 9551 1028 7221 5318 9900 9021 3938 5745 1640 844 1688 7648 3732 9945 2801 5658 5667 4227 4484 1753 2159 5091 756 9421 3090 131 2124 4391 7609 5855 7647 5472 2857 2957 3 7272 5291 9028 1854 4534 6668 7613 941 2800 4401 4893 2973 5436 8446 7952 6151 2058 2341 6828 8369 2691 7084 7253 3538 6963 8421 8908 1820 2026 7277 8458 8592 3680 8613 2197 6251 4671 8884 6057 4384 8077 1822 4502 68 1886 7165 8854 6834 8312 6039 5561 2790 1225 4442 5220 535 1595 884 1039 5247 9108 9241 6037 5981 124 3453 2078 886 7548 7170 5717 237 2510 5187 9339 1486 8603 1766 1428 5034 7051 6513 1267 1415 6763 958 3212 3653 9547 7849 7042 574 4778 4662 5782 3538 5368 1436 9842 4087 576 4551 6068 7803 5105 9356 3124 8965 7494 4494 4586 753 7153 8108 4143 1556 6875 8627 9663 5427 8658 9278 8910 1181 2765 2876 6771 8262 4253 3194 1322 7875 171 7040 7498 1832 4784 7866 4624 1169 1894 6708 4569 3611 2238 2616 6286 4812 1390 8617 240 6040 9046 1569 5796 9548 4954 7744 843 8387 9397 9217 6422 4551 8197 312 6405 5251 3222 3871 8080 4832 3281 3803 9977 9462 5676 6375 3806 5368 9425 3932 1788 4127 2285 2731 853 4670 9019 5987 6201 10 5970 6666 9805 4950 1300 1528 6433 8416 6196 2683 1052 9839 2646 5563 3982 8758 2213 2786 8823 6703 7670 5026 7444 2310 5535 164 4961 678 1552 7452 8329 4445 2958 6884 2486 8240 7614 1393 7054 5544 8965 7455 9035 6133 1074 7721 8476 9163 497 5533 5005 6495 5950 2277 8452 6317 7981 6439 6634 33 2610 2964 5491 4261 5558 7751 3486 9752 3266 388 9938 4376 1973 1717 8990 5832 9552 1034 210 7202 7327 3348 537 9989 1380 2462 1756 7743 3248 4297 5012 2887 2436 6609 318 4799 3769 9571 8034 3784 9648 6217 1792 4782 1238 1492 9908 5080 4959 4945 2987 3791 3139 9104 3746 5043 7733 898 1717 5743 2327 9953 4635 6259 6715 8478 8845 8051 8004 1844 6408 9586 6067 5889 228 772 2184 6588 867 2789 7363 2276 1839 1050 6750 5553 9569 7299 336 4617 5839 6889 4474 4774 7415 6531 8355 7606 5188 1273 7917 7020 3815 5037 5663 7738 2140 7956 9090 2219 0 8083 7184 6485 5175 8538 2816 2345 8638 6780 8404 6744 6581 9040 2959 4435 4440 8247 5505 8609 779 5643 1030 9513 840 6256 7320 3658 3786 3907 4999 3633 1341 4357 1343 7678 8143 1268 2546 8268 5068 6259 5024 6102 4737 1688 8147 4312 3612 1 7186 4674 9157 2388 833 3018
526 25
414 2599
692 8878
139 8084
21 5979
18 4479
42 4434
278 5413
256 2307
170 9980
142 3601
333 9211
277 8221
372 5919
200 8776
435 4125
251 5257
178 9363
363 3312
809 3177
822 942
112 7755
405 465
719 3587
804 7705
739 7939
110 581
99 9869
335 4275
112 7048
481 674
116 8470
313 5758
836 9460
401 9522
604 2851
504 2661
585 1366
642 4488
107 8522
425 7894
416 9186
342 4990
531 6155
64 1831
474 3811
364 4070
819 2961
571 7264
701 2767
200 1175
103 2936
20 4270
684 2644
230 5898
396 3053
442 9080
260 4641
496 5374
819 1313
218 9579
251 642
43 2995
229 7928
265 9917
238 3027
123 9129
20 3646
351 8375
450 6385
823 7821
259 5206
603 4675
41 3211
428 3781
170 7073
680 1729
385 1480
267 7290
649 2491
101 7373
776 43
696 4309
488 7586
312 1873
668 6196
397 275
328 5206
438 3650
466 5899
176 206
412 27
24 2031
379 1075
113 8328
730 9290
665 4366
667 1769
370 1429
376 561
10 2944
731 3235
537 3441
651 5333
399 8943
699 4620
223 7888
418 2110
644 2063
178 62
496 1285
576 3698
287 6718
661 8579
417 9250
116 9634
802 9943
68 9382
520 2275
654 9355
257 5304
830 1865
126 9835
567 9991
249 504
523 6280
123 5082
359 5325
115 4518
222 9391
471 6400
835 3105
615 8619
774 8350
383 2075
306 6482
279 2496
404 3639
179 9940
474 2640
54 5072
84 637
109 3975
571 6052
116 2271
471 232
188 6808
582 4234
766 3852
73 3160
458 3520
613 8526
755 533
720 8354
525 7460
581 8926
86 3790
608 1122
488 2079
343 3382
143 4755
281 9923
785 4537
653 1618
81 8419
170 7417
796 985
176 3044
529 9045
767 5085
394 9868
574 949
696 5379
813 1716
224 4519
780 934
453 2322
711 2777
128 8036
94 3438
392 1240
508 2273
239 2798
346 1999
442 3706
56 2632
9 8402
555 2321
732 3447
741 2500
79 6619
259 2583
313 8076
600 958
519 5205
392 1530
452 5045
370 4017
269 9175
26 9065
201 8509
825 6774
260 4662
178 6080
155 3448
797 9660
763 2943
809 4058
584 6304
419 2178
364 9064
242 9607
390 1176
26 8867
768 5727
122 8636
102 5642
722 4333
396 8530
417 8271
411 7340
684 1955
193 5377
193 4827
778 2100
316 9234
87 7109
425 704
765 9099
703 7507
349 2426
609 440
371 7569
10 4229
308 3474
404 7966
39 7798
417 2719
78 9813
183 1088
676 3190
259 3319
321 5301
675 552
821 8046
283 6622
530 6484
622 4893
735 9678
547 4528
628 3921
181 9435
266 303
278 6929
221 4580
605 4810
234 9526
573 1435
117 7100
408 1764
730 2243
176 9278
537 268
637 8824
131 5287
620 7467
546 2757
575 8243
505 8085
579 3893
609 3905
361 5937
577 229
558 9343
803 8242
601 1302
262 4840
808 4779
472 4441
603 6531
469 7131
97 6850
234 2359
521 8297
758 5708
533 9201
425 5062
779 9935
350 262
794 3669
53 5690
720 398
508 1243
110 6079
78 5596
366 9732
141 785
163 2083
527 6528
32 6412
60 6843
188 5883
374 8565
508 9200
161 5677
81 733
553 8237
797 9442
515 3881
224 6143
545 1227
504 7579
610 2181
817 9982
566 7551
468 1598
738 1039
488 5435
149 3448
696 4746
706 2611
500 7978
666 2789
834 1224
269 71
612 4133
328 7739
724 1101
648 2785
441 5729
347 9879
786 6393
549 4800
169 263
836 7395
475 954
455 9867
632 594
48 6272
323 9039
619 5175
615 7283
375 1685
78 4768
292 795
812 2252
219 7424
581 8168
635 3562
790 1602
813 6459
776 9887
246 7850
529 208
366 903
561 9048
91 6553
189 8001
240 2592
94 7850
177 6944
235 2740
14 6914
611 6404
103 1356
515 1051
370 5175
349 2824
81 332
618 5171
97 6537
301 12
791 1491
159 6474
763 5064
704 6926
214 6592
481 4726
468 5705
836 9281
321 8286
778 2877
437 9076
159 803
592 8942
755 1765
265 1770
324 6005
811 6082
613 8532
230 4233
239 2598
56 5198
118 7903
380 1818
432 6404
514 6546
541 7426
673 387
376 1161
370 9694
188 4848
246 8354
449 2249
803 166
777 423
30 2192
567 6959
367 1651
821 2087
438 932
622 6840
170 1889
759 7160
688 4280
725 2339
804 7296
394 9656
357 7808
815 1435
587 5427
323 8960
438 6616
774 2490
122 2203
290 108
593 394
294 6159
423 4029
587 9824
14 9751
568 9355
144 2307
70 9715
41 3267
397 5214
798 8203
431 4303
443 5902
706 7451
287 9976
473 3267
657 1069
563 7260
643 7108
715 8868
347 366
64 629
310 3733
104 5574
656 6275
121 5911
493 2795
774 8603
403 1195
492 7520
302 8458
60 9827
682 730
558 2568
641 606
371 9653
503 9790
643 5558
803 1542
811 2420
591 66
54 867
261 4048
793 9362
141 9483
28 7042
650 9781
605 8348
299 5302
87 4571
328 1968
308 7776
673 9133
824 5973
486 9764
342 3369
573 2999
662 4263
439 1994
834 7447
627 3063
418 5051
720 1232
99 5570
822 6750
620 8301
127 6565
487 2534
513 3233
775 7878
274 1559
683 3717
224 7483
615 4049
34 3589
551 4160
766 284
571 5786
320 6385
134 79
752 9601
744 4553
820 607
404 8658
828 4558
9 9256
580 5960
392 5277
649 9622
660 953
807 8897
532 2471
621 2013
792 1164
741 7103
660 416
77 3430
620 2858
654 698
364 6861
215 8281
20 5443
460 3224
322 8579
560 3220
180 8617
454 6273
609 2116
557 5745
13 3602
697 4723
583 661
379 509
155 5565
282 2490
471 1478
87 2695
774 2518
379 9636
88 7785
608 7204
41 9396
786 6468
385 5550
252 9162
482 1736
565 3149
193 874
30 4786
427 7530
119 854
522 9534
649 7242
629 2399
688 5066
4 2223
811 7966
74 5946
794 4391
147 3902
770 3364
145 8578
157 3999
379 4844
192 7300
265 5465
671 1967
5 2588
5 6140
5 1940
316 9159
616 3872
469 6761
553 6435
268 7313
650 2590
351 5764
399 411
157 7287
284 8891
510 7698
418 2738
150 5390
246 2372
345 8630
618 2507
736 5742
397 7125
22 5642
656 8796
135 2288
593 4497
796 5906
597 1392
655 3278
448 4573
193 40
407 295
538 9786
21 9476
49 5551
532 9941
428 8958
268 1785
62 1865
99 1951
328 9684
471 2232
726 5121
790 7266
458 2411
12 981
509 836
293 4146
493 5129
521 4163
637 4495
359 5759
15 6944
751 377
683 1375
587 7110
512 998
615 2779
768 2030
481 9938
744 1105
238 3339
810 3927
143 6860
664 8701
793 7404
245 2804
318 6923
784 8435
403 234
530 8391
414 293
628 7089
371 4929
538 5874
447 5768
757 2620
194 5025
605 2084
536 7379
806 2107
778 2646
417 2038
652 8033
589 3581
389 4852
169 5541
164 8025
574 7335
801 5495
128 9187
209 4775
321 776
514 4421
192 3650
434 3076
90 9177
190 1212
252 1994
75 1750
170 3984
709 4481
663 7711
395 9673
764 37
332 2320
69 8001
698 6467
695 4752
339 1778
517 7898
250 7730
169 6040
558 7720
633 811
150 5937
579 5412
505 9601
132 1151
636 6749
93 689
59 4406
166 6125
490 5241
828 59
89 8720
571 8700
208 9543
465 3921
117 2846
335 9634
201 543
569 9416
123 9473
67 9014
215 4284
428 1248
662 5687
663 3501
282 918
267 1523
454 3201
458 9432
59 9404
736 3341
531 7977
818 398
423 1312
550 4305
499 9554
218 5366
185 3445
