84 950
4955 1180 9481 3707 4107 2620 1131 3888 5825 3548 3686 3739 8628 1492 2360 7321 8993 5779 6442 5530 1830 1003 8758 3748 585 5905 2699 6383 796 2637 6597 872 1277 9088 1848 590 2071 1435 6007 6473 8728 6392 2508 2385 2865 2879 4249 938 2901 1404 8507 5975 9836 5580 6562 5208 2120 6487 8640 910 4007 3401 1162 4878 107 5959 7402 6736 6465 3957 1626 3678 9359 5855 9341 2617 3161 3579 88 609 9402 1952 612 2265
79 2455
23 7048
52 6034
12 1651
43 6185
13 3345
48 6811
63 1007
25 4393
48 4722
33 6480
5 9728
72 8300
62 5058
29 776
76 1354
71 1676
43 9359
7 2650
10 5822
47 9526
30 4067
57 8281
32 3950
48 5466
57 6632
44 945
41 2059
39 2247
57 7507
4 7045
59 490
82 9951
12 2034
28 1983
55 7347
55 5910
50 8212
74 7730
6 4261
13 5788
63 1042
12 1165
80 7423
35 2314
10 1462
78 3137
76 1470
17 1545
41 462
69 6350
22 9715
75 3909
43 8474
70 684
17 5686
23 7276
52 8219
0 5343
45 356
76 7871
8 8103
56 296
76 112
83 764
73 9575
9 2147
10 4475
0 1902
40 1891
61 2954
77 8861
60 1060
7 8007
44 9548
38 1210
33 4080
79 3874
17 2545
26 9841
58 8632
10 6414
68 5063
59 7927
19 5741
13 855
59 2533
32 3849
13 9886
53 2713
80 2289
54 2626
67 1969
32 7330
4 4058
77 3141
64 4042
15 7620
22 8451
28 5011
65 1258
32 9327
14 535
57 9959
9 6375
49 2781
29 6555
5 4899
82 4070
46 6575
39 1416
49 2588
33 1320
75 9565
64 6731
74 4283
1 9685
1 9390
44 9580
43 1826
35 8152
77 8453
76 5015
67 7729
57 2272
37 3815
30 3620
78 9038
16 3866
71 6001
37 7923
40 746
3 2593
66 2432
77 9630
23 2517
53 7586
75 5603
12 7186
69 2139
37 5683
33 1994
25 3371
73 1749
27 6045
8 2614
4 1555
70 4674
43 6673
39 8251
13 5286
74 2422
26 9462
36 3684
62 6241
79 8864
10 882
28 3005
19 7623
34 9376
0 5261
13 4430
62 1943
55 3461
26 8928
72 5906
73 6671
55 2811
39 6755
14 7143
71 8118
28 6561
27 3259
4 6467
22 9301
4 1807
78 5838
12 8223
18 7745
36 4414
32 65
74 7939
36 8564
35 6904
28 7096
59 4082
44 430
41 1968
15 2772
68 104
67 9429
42 2060
72 1952
24 774
8 8409
69 6637
13 5257
7 912
36 7457
16 2978
48 7893
4 7785
35 2582
65 2080
72 2155
36 187
47 8164
43 5871
57 5813
4 6432
53 830
0 583
39 3886
34 4352
20 5485
16 1987
66 7964
60 8658
57 270
57 5713
61 8614
3 5129
17 656
69 7
79 6315
69 3798
28 710
70 5537
53 1425
74 362
38 1779
27 557
33 7392
71 7568
66 5201
51 9436
33 8034
67 6954
10 9452
20 3490
35 3446
11 5256
54 6125
76 4295
67 7773
51 2943
11 6740
65 3295
13 1894
31 9514
5 7381
74 1096
68 9029
66 2610
47 9552
15 1687
13 1711
74 2621
8 5024
24 3926
23 4429
78 1846
41 8648
76 8157
80 6124
57 5535
42 664
28 2111
55 9411
31 2201
28 5821
54 567
48 6442
2 4106
64 2027
21 296
0 3419
43 6433
21 5634
30 8202
83 4399
34 8627
33 8636
30 1349
66 2541
30 4153
30 5426
55 8091
53 9512
11 9474
76 8939
61 1056
68 8103
15 6005
78 7297
17 4098
77 3325
20 6167
59 4325
66 8628
19 4566
22 2169
61 9966
76 6082
36 1228
20 4044
49 6143
26 3284
61 9756
6 8336
77 9294
8 7730
55 5672
15 8989
65 2920
25 8246
41 3314
17 6115
74 6488
80 1398
74 2690
71 7217
48 4820
54 7096
71 9015
21 9759
26 141
12 7071
7 5289
54 2214
58 3559
54 8450
26 846
37 7183
61 5722
21 3290
53 2081
70 6349
18 1525
32 1621
38 7925
78 5478
57 4505
24 2326
26 6052
57 2651
36 1251
33 1111
58 5943
34 4200
67 7242
22 9078
27 6981
3 5414
1 7040
35 7009
8 1166
48 4118
20 4104
26 6593
61 1479
63 9570
9 8327
81 346
13 663
20 2674
68 4576
16 6796
50 7435
61 482
71 9137
8 5994
49 270
54 7095
76 9886
38 2647
78 3823
25 8578
17 8158
62 3756
12 654
9 6510
46 9288
15 8527
23 2537
49 7228
26 4943
35 5360
32 5549
64 4265
56 7325
31 5492
70 9659
8 6893
83 6361
47 2798
16 2366
30 7923
25 4629
45 6808
66 8715
18 5491
19 2588
51 2512
81 1796
79 7066
61 7486
21 4244
42 9369
6 1836
32 9633
76 3600
36 7632
0 9340
24 5237
45 247
13 8215
39 8700
40 6686
39 5185
9 140
5 8775
12 5100
37 8941
60 1228
10 2121
81 6631
25 5070
8 8554
20 3262
66 2427
28 9521
35 5751
36 9640
6 4093
75 7813
4 6740
38 3105
47 1276
50 9874
29 1011
27 499
59 2524
54 7192
3 2986
60 5134
9 7932
50 1463
1 307
40 8433
49 6789
45 6947
53 4962
76 4006
81 4567
69 5116
0 9697
61 3566
15 5781
27 2359
17 3082
51 502
30 9877
73 5240
11 2572
29 8686
40 2191
82 8350
14 4853
34 5719
3 9745
28 1649
18 8033
6 9312
66 9797
4 5204
69 9386
24 2884
23 8146
68 9218
29 557
25 3442
13 3256
36 6923
44 342
77 2475
44 8914
46 8683
10 9204
77 6964
50 3231
34 5552
46 5939
12 805
63 4703
3 4682
28 5379
35 1344
26 9358
68 7991
69 5178
23 2492
79 2885
4 9386
76 2087
26 9639
60 8324
55 6913
70 3311
79 4300
33 9506
39 6016
71 2587
21 2815
66 9736
11 8298
82 3990
3 2204
22 3881
82 9194
46 4387
39 4392
22 9638
56 1136
0 1998
75 8702
31 7962
16 274
64 8161
43 8471
18 9957
83 7639
21 9880
4 2715
23 8530
65 81
61 5603
12 8958
80 4567
23 1173
80 852
40 6141
2 6824
50 4429
25 6801
75 6434
11 2390
51 8739
73 4523
52 9630
21 9677
37 5140
10 1063
1 5262
65 8588
45 9064
34 6315
19 144
59 1906
79 568
36 8729
65 6795
51 4982
3 9919
68 8311
48 4854
67 4397
68 146
23 7032
5 3041
60 7412
10 2800
36 1644
24 1293
33 5540
58 9398
2 9172
23 4700
72 1331
64 7222
75 8023
19 6871
53 7906
20 1286
21 5136
27 6965
12 5600
72 1537
40 9014
81 5202
25 7396
24 5495
42 4549
74 7595
22 8330
26 7046
74 3273
52 1821
32 5314
64 6189
25 8775
49 9832
45 9877
61 2774
53 6926
2 3172
65 30
80 6992
26 1765
38 1341
69 3323
56 5770
4 6792
61 5066
40 5935
77 4420
26 6392
11 8683
10 6790
76 4410
38 2851
17 6572
14 3603
61 3016
34 1326
48 9265
13 7218
71 5134
58 8781
18 1427
82 9899
80 7772
83 4651
61 2830
82 4098
32 9755
14 2810
14 7933
81 7383
58 5722
72 6003
73 4916
0 6118
24 132
39 5653
72 7443
33 3703
28 8112
57 3798
6 8420
77 7374
64 792
74 761
75 3869
23 550
58 8942
80 6681
83 7084
80 7210
11 340
38 4167
22 8180
54 1329
3 4995
8 713
71 5043
25 528
9 8811
8 3773
65 8951
2 7659
34 8107
24 7460
35 6736
71 76
9 126
41 858
71 7748
5 3987
0 4908
47 4738
65 6052
47 8051
12 2637
76 8792
83 7176
33 2447
35 6418
43 1036
20 2479
6 9630
11 4831
52 7513
81 1907
0 25
48 9914
33 8418
3 6686
33 4946
56 193
60 1343
69 5791
54 3026
6 8969
56 1300
30 4509
44 6854
20 8330
39 6605
57 9804
9 4866
58 435
78 9787
0 9373
16 2602
19 5503
76 9929
50 4016
52 559
33 5810
48 3584
39 2469
21 7007
63 9600
69 5702
35 4244
55 8807
43 976
24 139
62 522
9 2903
61 7720
60 9526
79 833
12 3584
35 6540
22 6367
33 2087
63 3090
65 1676
44 3659
1 2139
48 7592
38 4100
29 1877
3 98
75 6516
37 140
4 5287
78 5235
42 5683
25 9181
43 4899
8 1516
50 4033
58 4822
68 724
20 2441
65 7041
82 684
33 1305
19 1305
5 5922
48 4755
2 7252
62 8146
35 6736
48 4053
1 3141
13 4856
56 8369
82 4747
81 4207
5 8191
78 7486
7 8531
76 9471
64 3506
26 620
59 2957
21 8218
62 9352
25 3258
16 3730
77 3262
13 8527
1 7289
18 4869
27 4252
30 9314
30 4968
29 7140
40 8205
35 9159
27 6312
20 4244
64 1107
70 1933
46 3441
13 9452
65 1877
79 6846
26 1477
2 9605
49 4604
63 5859
36 2097
55 9322
48 5505
48 1488
27 8856
73 5382
31 7282
28 9490
7 7538
25 6232
22 2677
9 1011
7 6736
62 5086
38 8383
34 6785
17 3767
36 7300
53 5670
6 1340
47 9989
13 400
69 3434
44 6656
34 5711
32 3004
33 2528
58 3825
81 9148
3 1313
77 3337
58 7959
25 4788
34 419
20 6148
58 6017
25 3132
36 3731
10 5717
54 5313
3 5301
69 8988
20 8481
62 2904
82 1604
11 3167
26 3455
10 3972
33 9796
30 5454
63 4360
32 3543
25 5790
83 225
22 2310
15 3928
76 1476
78 5590
70 2213
71 2225
36 4130
45 7489
34 5842
54 24
0 8393
82 9834
24 2471
79 8632
53 9547
25 1700
13 7641
45 6665
6 6731
24 7162
40 5120
42 9780
0 4772
41 5881
3 9248
71 3738
21 9486
50 8541
3 9292
49 8864
66 2973
5 6575
68 9325
72 9956
2 3698
50 9391
72 1171
82 1562
17 2782
8 8284
76 716
29 7593
66 739
48 6917
16 3860
77 5472
29 8825
47 1928
59 7971
48 2032
25 5805
53 3150
71 2016
33 6613
27 3341
77 3817
60 741
24 4378
78 4849
79 6047
81 4417
82 1708
82 1765
1 4580
31 5627
45 2104
24 4484
78 7909
16 2216
71 1234
18 9484
26 5116
64 1286
59 1225
57 6160
56 2396
11 5976
1 5165
81 7069
34 3257
44 8079
71 8590
39 1252
4 8699
33 8982
22 3283
45 3577
31 9026
52 7418
1 1085
