511 387
868 4671 1983 2147 1477 210 8167 9728 6155 1054 1684 6733 4106 6158 884 8431 9973 8985 4454 2555 3853 4 8100 1445 4558 1568 3510 6310 2448 4741 3287 4302 3229 481 5387 1784 8348 5652 9800 2430 9841 4592 8508 7484 3033 1524 2199 5153 3938 8897 8973 7752 3748 8321 7371 3545 808 3858 2890 5418 2508 9925 9703 9291 9148 9764 4088 8452 2461 4548 9107 8856 9389 8741 1308 1959 5940 3290 8242 5955 2978 5898 1567 7545 2898 4946 3941 550 8467 8987 739 4385 7454 4784 9926 1828 3704 162 904 9614 8103 9736 4926 9608 1378 480 143 2988 9114 9989 8160 7772 7906 3164 5749 9743 5655 4046 8531 6929 9728 7649 5737 7071 3876 7819 4945 5317 1989 5722 494 2312 7384 650 883 156 741 9828 757 1089 2649 6830 80 3560 4613 741 7446 7843 252 6579 9778 780 919 8430 7516 7339 4656 308 6963 4901 2747 9969 6660 7168 4422 2728 8837 3380 3017 1590 1835 1443 5327 9558 9242 4355 3092 2298 1267 8765 4218 2568 7213 3167 5087 702 4808 3138 7556 3046 4085 5995 8671 845 4496 7958 8688 7183 745 1288 8065 6229 2294 4857 4498 6112 1298 9245 309 8682 2421 3840 4240 4637 5643 4046 6835 1664 6420 7994 7275 8355 7536 6140 4986 8823 6209 2579 3216 7950 8173 8243 3209 6782 5622 1033 5268 3300 5508 7042 5179 6120 6675 3367 474 1258 3803 7256 9327 2924 1586 3353 9880 3590 1312 1032 3406 718 8088 9383 1974 9861 8238 1611 5355 1921 8002 8065 3039 6398 3908 3505 5868 1683 7240 3097 2375 8933 7422 4590 3566 7850 7816 2978 4325 1716 1271 3554 4413 1046 8052 6752 156 7082 530 2100 5331 1573 7310 5592 1038 3199 801 9911 1183 6402 429 5216 8113 9272 4174 8592 9738 4737 3104 3929 1797 1258 6180 9217 2558 807 4708 5239 6406 4920 509 211 6229 7689 8366 6288 9565 9314 1099 7414 4940 773 5984 7349 871 3632 1477 4362 9649 3903 8924 5890 7732 407 4632 5748 2769 3107 1794 1793 4821 9684 5079 5152 5181 8078 70 5775 4578 9690 3658 1491 958 370 3490 324 3782 4170 386 8158 7449 3298 1278 3904 927 2525 5408 740 97 1045 1821 5194 1073 162 3840 8236 9464 7199 6541 1633 205 2472 3350 1243 3893 4837 5856 9582 2186 2606 9930 6684 4435 9706 1386 8765 8940 2092 258 8130 7326 4036 727 3382 5523 2901 1857 2507 4888 9033 5333 1030 2268 5456 1002 5710 3141 1547 6009 4418 9859 3776 9035 4595 1150 7589 7723 4713 479 6570 4982 5348 5879 3221 2151 6370 4785 381 6045 9495 2218 7692 7116 5990 1372 9245 4599 909 9288 7532 5960 28 507 9360 2942 5494 2488 1418 6084 452 1322 6859 9748 5973 9271 4669 2014 8035 6283 3574 5064 8483 3108 1063 6213 6464 7886 5042 9200 909 6203 1096 3803 6547 9761 9967 126 7920 2213 396 1988 6979 5951 4097 7427
456 3666
159 5948
348 4918
363 5199
472 3790
190 1278
358 9070
321 7896
168 1018
460 4347
337 6479
13 9855
68 2033
363 1612
475 1138
428 5359
155 3225
168 7408
353 4903
179 9306
195 767
387 5214
135 4996
413 2005
340 4515
91 4029
493 243
83 5300
287 1427
510 8192
467 6408
421 3939
370 2060
247 1440
19 1733
139 1496
182 8743
510 1803
407 460
70 2924
403 5950
161 571
437 8564
1 5439
455 8193
136 8819
377 3452
475 313
202 1524
79 9026
386 95
483 5617
369 5985
206 9652
349 548
197 3678
25 6723
106 455
181 3403
289 4066
177 8355
115 489
70 5815
227 2152
144 6598
414 7973
148 7777
180 4548
377 9437
289 1007
220 2906
163 687
189 8670
323 6908
361 6910
174 2861
93 9668
132 9766
92 7930
481 4622
293 5406
399 3261
172 9730
476 2499
21 4422
201 2538
180 9874
69 7034
506 3957
149 5989
46 3794
210 4143
314 9100
389 15
251 2651
5 2986
302 3421
418 79
214 8380
149 9035
168 8579
49 2333
494 6174
99 8912
37 4661
376 2116
330 9809
48 1460
401 5395
271 5664
192 3721
272 2915
16 4364
442 8500
261 8909
245 563
17 8796
117 8148
392 6221
453 9023
487 6853
87 1966
177 5605
71 5090
146 768
195 8895
351 5268
312 9803
224 3711
44 8531
108 7495
9 3878
66 4243
166 9004
206 9641
367 8143
396 8938
405 5285
196 2218
277 7659
260 2928
506 6322
357 2404
290 9264
288 6137
320 8794
377 2455
32 3109
18 4914
247 4364
373 5529
153 6932
167 2978
440 6805
7 4122
98 7978
101 21
275 9742
310 8606
186 5637
333 5872
424 9687
318 8
441 6834
355 5861
75 8819
103 1107
93 5798
282 7914
283 7289
104 8195
374 9351
85 9418
47 5646
315 9258
189 8959
269 9967
483 1068
74 2137
21 4381
178 7285
403 1333
427 8015
440 8301
376 3831
6 1692
152 3730
289 2308
160 6469
397 1177
15 6523
153 5584
4 1597
179 6527
241 8397
96 1942
442 7067
57 6342
237 1279
298 6141
361 4934
83 5230
284 3994
498 3540
397 2512
68 5111
424 6240
49 9606
286 1813
207 169
442 8596
146 5292
466 6464
491 6720
320 7757
357 7920
163 244
289 7378
353 4424
184 4029
369 6383
101 4390
39 4218
384 5980
423 2011
346 555
176 9783
451 4798
94 3364
251 6470
51 5487
89 388
249 1232
216 241
190 9663
333 9650
307 9769
245 616
181 9334
491 5137
347 2299
484 734
349 5471
196 9339
91 3055
504 4504
400 3843
422 6347
97 9760
294 7150
137 7082
282 6701
328 4499
32 4441
339 6768
437 492
197 487
222 6571
188 2245
452 6915
353 6427
377 8699
445 9655
292 862
433 4301
278 5007
164 6623
355 7870
148 7678
502 7001
461 8110
421 7911
446 1599
121 8553
60 1561
111 5310
6 3507
145 3084
63 4365
320 9454
368 235
66 6932
362 7247
231 7883
130 428
223 4489
315 3894
294 8159
339 3377
409 9533
261 3490
46 5074
332 3781
206 3594
250 3382
135 7277
15 6262
43 106
162 4099
63 7340
504 5361
89 9010
125 3286
189 6268
449 9325
255 7152
76 6979
34 7882
484 8159
19 1995
346 7678
142 4468
97 6142
350 1306
293 6431
332 2546
433 3028
89 5501
115 8698
34 7494
415 6576
477 4019
182 4115
165 6510
43 4455
363 6491
114 3245
230 2621
10 787
117 340
404 2028
243 2625
197 410
496 3728
282 3247
404 6293
109 2930
304 8155
175 9501
468 7276
158 8533
108 9497
157 9133
155 4302
467 7917
241 6143
116 3454
457 7482
324 2123
240 3065
192 9042
456 2860
420 4857
457 250
111 7037
243 1568
326 12
492 3064
143 191
285 8944
427 4633
471 3419
358 1724
268 9468
376 4211
461 995
81 5818
315 5245
509 5964
136 3623
113 8632
119 1754
504 8601
59 8637
90 2460
154 5965
189 7112
421 4898
313 352
136 9603
160 5329
300 9869
454 1749
17 6266
220 8819
403 6706
113 6436
