247 366
5204 5247 3462 5736 1446 2024 4088 6643 806 2001 7640 5492 6916 340 4043 9331 9398 6055 2130 1573 1513 7126 7678 9 5492 9185 1762 9232 728 1538 49 8915 5703 1408 3726 5426 723 4991 9910 9731 1380 586 8007 8895 8470 91 1147 6473 9638 3839 1794 4487 9803 5644 840 5851 7815 7408 4167 5069 9510 250 5677 7758 9908 8534 1192 3002 7131 3396 4064 5003 7560 3054 2490 9042 2402 2637 7907 5884 5029 8069 361 6700 1060 6283 8610 267 8470 9583 8590 887 7731 7795 8712 1173 833 4537 3902 2689 673 4117 2065 1253 6202 3473 245 7837 7008 1744 5908 7007 4082 65 9805 5112 1974 9150 8116 7514 3309 619 3909 7382 7117 2690 210 9395 6998 3090 3491 5902 6523 1585 6327 8720 8292 7371 5264 5460 4424 2231 894 7307 9046 3608 8350 4022 6648 8762 5484 405 8783 517 7790 7612 3207 1865 2533 5426 4296 9406 33 622 7473 318 273 689 488 2405 5510 4093 6833 7796 3738 6497 9130 6876 7930 6133 7482 1651 4311 6413 6502 3902 4715 9283 7100 7110 2484 6784 5240 4223 1813 3349 5972 8340 3464 8719 6312 7330 8286 4494 5460 4987 9673 2998 6031 1444 5706 9177 8873 8339 5184 1446 5503 7154 1679 3448 5918 6547 5497 6743 6857 6727 4513 3065 6040 8467 7725 2828 3834 5633 4569 4643 3397 1342 2172 9964 4378 8721 7158 996 6731 1321 520
15 9598
172 4365
207 4619
28 9525
164 4443
102 5235
246 2313
49 1439
101 6145
150 8298
201 8489
134 9013
59 7129
26 9403
166 3461
55 6826
232 3023
175 5326
198 9206
207 3247
234 2573
173 4567
47 1511
211 4229
189 4452
238 280
101 4772
118 271
183 8978
235 9562
17 6393
150 1513
116 1711
110 8135
148 9766
145 8983
99 3412
222 4370
88 9216
91 9993
246 3132
134 3638
189 1672
118 7173
35 446
46 94
86 7995
61 2555
180 5681
105 7702
174 2651
127 5430
154 6860
214 9994
7 1066
194 1160
135 3792
221 2909
88 403
149 6433
130 5667
15 3275
101 4532
3 1126
173 1527
167 6534
239 3572
63 5150
62 5762
40 6073
125 9840
112 1709
34 1741
185 231
55 420
191 3502
235 7878
158 6692
229 2566
236 7519
152 5210
228 9074
13 4358
172 11
100 4632
162 8316
3 1940
246 2445
64 6379
79 8008
18 6125
64 3131
59 4492
32 7640
243 9587
38 928
246 8435
67 7764
37 9517
199 5460
186 976
133 7358
116 8575
223 2405
7 4651
174 1548
233 8806
227 7499
41 6824
135 9548
43 1646
140 3627
234 6449
123 8387
94 9618
177 6616
9 7928
224 3185
28 6886
14 23
79 288
170 9579
45 9391
100 9511
97 9442
28 9153
32 4461
173 1402
7 7706
171 4241
38 9562
109 490
36 7607
194 15
86 8329
65 7840
87 9354
185 4689
161 8507
231 3951
237 6801
229 8998
219 655
65 6014
108 5934
130 217
88 9551
51 7486
32 9461
103 3975
148 8887
11 2877
148 5727
178 1932
145 6114
22 9362
142 2516
222 866
199 9440
29 4363
162 392
136 6075
183 6549
32 3042
230 7901
215 672
148 8780
168 6346
9 3428
210 6404
20 5687
34 7574
213 7870
140 7454
216 5795
9 1942
114 4956
77 8707
38 8953
217 3462
219 8603
68 9408
196 8064
164 3878
23 4090
154 3803
202 9687
120 2767
135 5775
37 2500
101 6834
101 1363
237 2510
202 5807
237 755
34 7390
115 8149
162 1541
171 2646
110 50
3 5407
138 8868
239 9660
180 315
63 8201
97 3141
24 9298
197 5936
127 8079
122 4315
66 3478
79 5242
68 4839
224 2122
123 9729
24 3915
236 291
137 134
154 3402
21 5178
145 1779
42 4966
184 503
183 1030
66 4555
185 3816
123 9601
159 2742
142 8061
120 1881
241 1690
55 7760
96 2517
25 1387
183 6650
120 6250
147 4659
207 916
210 8983
6 4293
21 2956
115 9129
88 690
214 668
168 3176
41 2922
40 8819
193 2011
133 6598
162 1775
38 2898
108 6874
25 362
61 1106
46 994
241 5631
110 1382
158 4499
159 4670
152 7505
116 8344
50 6363
68 4425
152 1634
144 9368
138 5916
50 6335
217 2333
74 6873
113 246
43 7226
167 7974
140 6887
243 406
147 4208
177 7901
129 2571
153 8587
190 2418
237 6620
123 6893
18 716
145 3130
184 3897
236 5532
44 562
109 9223
33 2088
169 8346
155 6646
191 3969
204 2512
168 7079
133 9499
174 8820
22 3905
99 5837
209 6222
32 8661
168 1015
189 4620
91 5547
92 4583
188 5733
9 380
203 7547
111 6441
235 938
191 1119
82 9584
28 1043
185 7693
39 3178
203 8839
93 3852
133 315
227 6207
141 3564
203 4761
150 8951
19 7724
207 7109
216 9282
154 5791
179 2677
183 5214
241 3550
22 2127
139 6955
98 3834
232 1269
199 397
233 1894
226 880
50 8676
237 4776
199 9379
143 2552
109 230
154 19
230 8127
182 421
142 5445
60 9776
143 1218
194 5219
94 6728
37 3354
232 7954
184 6910
97 7178
116 9806
89 8136
41 7580
57 6589
155 9884
162 8228
141 6418
90 5066
28 837
157 8375
13 5112
102 6287
182 5277
87 6203
67 8534
