778 159
5670 4268 4022 650 8320 8294 328 8971 5688 6285 956 5271 3397 9572 6030 1909 6057 6478 2506 5854 3893 7623 1376 3947 5548 9180 3264 394 8036 5318 6841 1809 29 5699 1486 5488 725 2750 1903 1064 5512 4035 1227 9225 2500 2822 3939 1482 7479 1174 3231 3550 8370 9248 8649 6678 620 9445 6534 4551 6134 4843 7071 7752 1503 9993 5556 244 3876 4418 1244 8307 9556 7769 8654 8967 3235 6548 2364 8071 1258 30 6281 1288 6808 4615 2263 3955 3434 4951 6054 9728 6572 825 8530 1512 7033 1951 4357 9357 5317 6938 4405 6103 494 6506 4810 8763 5386 6010 7289 4397 3419 7838 3435 1312 7759 2146 2269 5373 88 1528 8174 2880 5925 8502 8956 4258 4206 4233 9756 4425 4985 7475 8591 97 1842 3705 2451 1984 5178 7179 2695 2684 6359 7230 6779 1724 2429 5738 7304 9513 4816 3559 3036 885 9658 7388 9866 8184 2785 3223 1826 8876 9720 4170 6916 4435 5178 8213 9561 6643 6266 4966 4205 3291 2943 777 3944 3363 9630 2165 2692 3332 4747 9216 1755 2563 9017 8720 7436 554 5670 670 3458 9172 1856 5123 6054 174 3734 8771 4353 8041 1787 3295 7301 737 1794 6361 5888 7228 4036 8234 1949 3674 3942 1264 5500 4512 4917 5579 7614 4859 9525 9612 9657 8599 1411 4339 1684 1692 7873 8977 83 5894 4484 144 2944 3003 5565 7994 3532 2021 4556 3275 5669 6924 7639 7326 9984 9277 3471 4977 8496 7629 4741 6193 464 5622 1022 8167 3950 2302 4004 5158 7213 2523 2942 2732 1150 3742 6524 9737 3004 7783 6390 4037 7353 671 1992 7317 1883 5924 3993 4921 3395 1841 1977 399 5548 1383 440 1107 9672 8937 6002 2237 7634 3498 1565 5367 4448 2062 3566 6653 5712 1788 6556 652 4163 2480 1903 2408 1958 7734 956 4349 4174 5671 2996 5963 8095 7722 5067 5244 2451 825 5827 790 7932 2085 3420 9184 8402 950 1345 8479 5207 4417 3950 649 4136 9168 591 5546 2515 4648 7527 3490 1541 1169 7445 4290 6501 405 2492 7084 4041 452 6731 571 9706 8837 5143 4588 8995 9443 5855 141 8111 2498 5103 7910 5749 2137 3753 8018 678 3600 3218 6765 4083 2955 2449 8469 2576 9419 350 772 1141 3859 5447 6266 25 8 5550 5497 4140 1499 835 5889 7215 5559 3586 8938 4426 558 2667 2963 3565 9200 4054 9651 152 2543 934 2445 7304 291 8093 9612 7651 3405 7532 9599 8285 4047 4156 1552 8570 7856 4148 5755 6644 2123 2439 9956 3474 9205 2198 4532 7758 8859 5393 4645 6825 6097 9034 4750 8972 2646 4506 1045 7493 1411 3978 7671 2040 5480 9256 3308 9248 6109 193 9809 8696 4221 1860 8858 1672 9935 9941 3215 1570 7133 7468 5903 6582 5101 639 5013 8451 4740 6236 9765 1665 2935 5524 2045 664 3697 4626 4980 8778 8425 1159 3498 5895 5020 4733 8017 593 7081 1756 4374 145 5691 2424 5 6531 6717 1282 2814 8735 2798 6847 2273 5437 6587 9913 8618 3786 7871 5044 895 300 3602 2029 8468 4071 4061 437 1684 630 4429 3969 5801 7335 3247 740 3100 9841 4857 1634 3390 181 6779 6316 285 30 1642 7467 9506 1547 3903 6898 1973 9006 6102 7840 9679 3588 1761 1918 2582 3828 6277 6659 5340 9243 2010 1495 872 6301 5425 343 3006 7578 177 6260 5169 1112 3249 8743 4218 2660 836 2637 2434 9403 7376 8128 3046 3197 5834 8886 3239 8655 5801 7283 5248 200 1172 7066 6584 2648 5308 2768 750 5709 8900 1976 5594 1036 3627 9968 3368 7092 1943 6401 5557 5303 9451 919 2368 9778 4602 7989 6746 4748 3225 5997 4326 2715 5247 9871 3570 1634 5595 4447 5075 4729 8398 6002 2483 8671 3224 9993 8677 6742 4350 8557 1644 5922 4625 1731 7085 7655 4121 6044 6537 1084 4319 6121 4684 9035 8284 3104 2832 1717 9406 7514 4681 128 375 4816 3815 2093 843 9036 3804 7677 223 3560 2224 8144 4151 852 3571 1580 627 3611 4853 3042 1090 6418 4026 529 6722 6021 4067 8152 8745 216 4887 1285 5077 2114 3968 3017 1506 8470 8553 5883 2609 6836 6855 1613 530 2281 3044 4752 634 8114 4372 1695 4208 855 8600 8546 8 8409 3939 5149 8477 762 5513 5337 3871 2190 4191 3226 1249 6326 8461 5566 2205 7227 3823 3591 8549 474 1862 6885 2043 1158 5664 5569 128 4502 170 2334 3266 2901 6620 2846 9215 43 9051 1158 5598 1149 8956 4439 3966 2462 9649
519 2935
669 942
268 4274
520 2566
587 7992
384 7282
557 3642
272 6324
194 7219
51 9724
129 5881
54 7370
690 2063
504 673
25 4659
578 3994
14 554
771 9497
305 7560
143 8776
94 9171
186 3057
562 8832
201 5629
516 1852
121 599
771 2126
594 4254
548 3975
119 7323
357 6501
193 6089
74 9162
49 5465
429 7776
761 6971
490 1167
131 8767
757 4666
165 8788
751 8755
609 6141
466 6157
69 5364
362 4760
1 1384
284 8660
126 1689
474 8944
333 6054
359 9296
415 8815
228 8980
74 8067
129 1186
323 9100
769 7344
660 6703
12 6766
712 8680
267 6287
446 448
232 1480
296 182
754 9180
444 3186
586 1911
27 5525
41 6480
143 5032
206 3808
144 8938
477 1012
519 2660
51 6233
714 50
550 1493
600 1310
347 5024
139 9892
663 7014
615 582
510 7124
244 1929
89 810
567 5407
660 3137
275 8883
754 6458
203 429
160 4480
374 3605
132 8980
605 8257
768 6879
640 178
648 4421
268 9434
30 4074
768 8817
113 4357
224 5588
446 5066
581 9484
220 5278
338 9073
71 3713
424 7071
129 9456
693 9342
234 8519
69 563
78 2124
275 2568
450 810
608 7562
44 8539
221 2352
666 107
96 8288
13 7933
123 5598
685 5551
16 1783
465 5864
776 5973
569 9423
386 5703
400 5062
625 6564
466 7671
676 3812
600 1047
537 6562
359 5254
302 6455
395 9729
640 5669
179 5443
131 9787
677 9002
382 5624
693 9672
519 3433
1 7554
73 1369
577 4788
745 1122
130 3613
26 2113
413 4027
342 8826
330 9496
770 9369
112 5796
153 6606
144 3249
526 1145
101 6193
