364 954
7309 6769 4065 1067 5648 2117 247 1303 6288 7806 4451 3995 6804 5653 7652 6787 4331 2333 71 2101 3422 1139 6281 7731 8538 5653 3644 2037 6877 3153 2656 5762 2526 3168 4246 8699 3553 5419 836 4812 23 7091 9021 9297 4414 7802 575 1970 8276 6293 4660 442 1714 186 3189 1447 3282 4216 4012 3983 1576 2106 1396 9873 1795 3509 2387 2873 5124 6983 1619 8823 4083 3904 4069 6288 8172 6431 3602 5470 2607 2641 8131 1437 6220 1831 9701 9373 2910 4725 9710 4327 1440 1461 1561 3450 5732 6497 465 9015 1356 3480 9960 8423 5274 4689 2607 6888 7058 6264 4835 9330 9462 8069 4347 3086 5257 2389 6568 7009 2323 7863 8789 2410 9465 7544 589 9848 3597 2848 2683 8330 6623 367 485 3240 9021 2372 1662 3987 9433 6630 4263 8756 4060 2212 1452 8357 4178 5643 9424 3892 2907 7996 9055 5038 5944 567 8212 8437 2142 5148 7260 9478 5871 4060 1249 7882 3424 5385 8094 1739 7056 4657 9234 1381 3323 9260 3691 3766 8976 631 4131 5745 754 240 265 5414 1647 6943 5813 2185 3720 8949 6087 9404 1291 509 2849 9781 2731 4269 2830 7465 4477 1332 5768 8241 4082 6069 1000 8391 4616 45 8908 4912 2826 1274 1628 2676 5595 6748 4155 3735 9378 5633 992 2220 9163 6878 1476 3165 3080 8304 3293 4192 7770 5891 4896 1999 2570 5526 6517 9878 8151 291 8354 4743 1821 2890 9138 1031 4181 5277 586 4404 2542 9506 2773 7468 3635 7357 4561 7193 9891 5909 3021 6181 9163 8436 6715 8528 1695 2284 8010 2616 855 3140 8163 6133 527 6183 6321 6334 7636 6532 3724 1574 3114 660 4474 8352 1151 7861 4973 7321 8439 3420 6780 529 3030 5159 5741 7389 9889 7282 1177 3609 97 2934 5997 6798 2646 5917 6711 4248 5563 3838 4172 1555 7242 4786 118 9707 4991 8453 1189 438 5295 630 7120 3200 6155 5412 3421 8182 4191 4447 5715 7585 8575 6955 8283 6040 4575 7752 7197 8243 8839 1559 9065 4854 39 7684 5374 5884 7624 1052 7244 2596 8253 212 4318 2490
271 5262
358 4595
57 6665
332 9447
23 7931
233 7827
59 4930
200 1266
241 1717
299 7124
220 8705
267 6815
108 5955
153 8290
139 9667
7 9517
134 6838
244 8542
343 7751
218 3391
221 5065
23 626
10 9405
55 7089
270 70
78 1850
153 1493
9 2407
148 4138
213 2229
97 4688
124 9943
320 9574
310 5501
35 5332
173 4557
139 5328
145 9312
274 2806
9 7446
348 6353
210 7011
288 6151
20 426
95 4623
15 7122
7 7920
67 4544
272 3910
172 9903
120 2551
70 6
133 7067
280 3697
331 4313
333 2817
339 8013
205 2754
339 8490
12 2038
315 2145
295 7231
47 5244
320 5272
273 1688
11 8441
332 7213
162 7226
81 4312
262 5926
352 6076
206 6073
167 9237
95 1685
294 8213
83 3558
344 3210
338 6531
342 7821
268 7735
309 9296
268 1039
44 8567
121 6320
228 1892
82 3533
44 9197
317 231
123 2385
321 5126
271 6806
34 9413
148 4085
16 5421
82 4378
137 4995
201 2227
132 4036
277 644
168 8310
178 6685
304 7206
323 899
46 2752
277 7582
238 4628
36 485
125 9150
172 6498
111 4434
244 7641
338 7229
100 5753
143 934
54 2694
127 7584
79 7495
27 319
258 6139
347 4290
282 2409
111 8573
112 4359
207 6322
357 7183
254 5143
214 9490
236 9222
278 1179
244 5118
116 8872
40 9932
59 4249
163 8623
95 3099
283 4786
83 4281
197 8262
205 1193
322 2288
221 1740
275 8975
1 111
162 9773
350 3603
109 478
42 7650
244 524
164 1428
109 1548
336 307
330 4029
22 929
268 2758
284 655
95 2532
233 2541
16 3135
257 6552
307 6733
355 5151
313 7930
357 5244
350 7584
293 7841
339 429
147 1817
66 1851
52 8138
57 4490
313 889
159 3529
199 1920
52 5779
39 1796
4 7305
121 4761
192 1348
237 2958
232 8536
244 4442
283 6935
135 6265
19 181
61 4367
95 8329
175 5082
354 9457
301 1604
212 95
219 7331
202 5855
196 3674
290 2650
249 6624
223 2891
171 7648
308 2137
174 6519
292 6508
211 9789
151 6810
246 4822
253 6172
143 8491
115 7909
118 6120
230 8543
80 2333
60 3691
52 7609
153 9077
243 5694
161 4323
217 7573
96 9338
98 1347
334 6630
237 8533
15 6625
170 7935
296 8874
337 1308
212 2956
69 9506
195 6733
166 7565
98 7782
20 744
248 633
336 9238
332 8225
99 8259
106 4668
178 8188
139 6359
3 2545
23 7344
118 6094
189 8313
267 3637
104 6457
112 1480
336 5897
282 5506
264 9242
90 8341
131 7448
279 7414
49 1031
216 9959
196 6374
91 3542
12 6395
259 3193
24 119
98 4278
287 7408
357 3799
346 2162
58 2458
82 851
9 2673
66 1373
211 443
325 2028
327 1593
337 1139
229 331
104 9159
164 4239
177 8147
225 4649
6 5855
162 3593
354 3497
181 5415
28 546
193 9092
17 4358
150 1925
305 4518
296 9036
335 4179
19 3293
188 8129
359 8640
127 3559
162 4054
247 857
241 4495
14 1644
201 3077
97 6639
29 9853
98 4072
60 6052
214 3779
272 822
20 4876
54 7261
174 2338
29 3646
264 1236
329 4390
67 2982
103 684
208 4997
251 3442
226 1839
168 9314
236 8615
130 3684
339 9913
273 1331
75 1849
145 8866
244 2335
85 8913
320 4001
83 1492
164 6780
12 5372
255 2096
241 3536
30 3914
107 4723
29 2320
312 5141
175 997
177 9656
170 790
143 9616
75 1449
156 4515
88 7759
179 8506
218 1656
234 6969
349 2466
294 1774
336 9631
287 6409
238 2670
7 7298
171 7395
308 1526
334 4486
112 5287
98 1286
281 4783
223 6200
258 70
91 4062
150 6770
157 6104
57 1118
341 929
116 527
130 9886
261 5604
344 8954
168 2359
86 2806
198 7978
360 5946
30 6919
197 9198
69 8692
325 7955
222 4912
293 4131
166 6762
149 8588
341 54
251 9489
256 9642
238 3297
161 5517
212 6549
243 9950
73 1775
293 1228
310 2724
122 8481
190 7381
275 1187
104 5999
233 2040
348 7230
302 6385
213 569
33 8071
49 127
102 5019
168 5962
186 5619
312 2263
85 6120
226 5368
151 5809
345 3042
168 6149
22 3299
30 2929
207 7607
83 3912
298 8870
353 938
274 7293
132 8285
21 6948
307 3082
349 9487
271 3875
333 560
267 5562
111 3713
268 6027
230 6466
15 2930
154 7466
57 1434
259 4757
298 5150
331 5798
166 809
157 4692
105 6333
310 1427
197 9679
226 230
178 5476
30 8129
339 1048
0 8941
361 2093
210 7895
333 3890
263 8419
222 5906
240 539
104 9889
30 6697
214 2881
84 1247
16 6245
85 6687
180 9334
305 3830
156 8715
33 1474
127 2325
283 459
292 5422
120 6241
247 7710
339 202
223 2310
45 61
13 7539
257 9034
145 2876
162 2892
344 873
82 9337
327 1166
108 8381
148 3745
109 1973
358 4396
271 5288
136 193
264 7642
268 322
81 9764
113 8555
5 4307
24 8407
129 2165
199 2978
45 9111
288 335
236 3229
10 7646
113 1146
93 1708
226 8640
357 9946
96 8678
269 9204
181 3654
360 9954
80 3885
136 498
6 1425
182 7855
41 5073
71 768
138 5854
273 1852
176 8679
309 5697
28 9943
126 3450
243 2774
15 3375
363 4922
119 4838
291 5312
137 8974
280 6396
294 5330
259 8930
139 3417
4 7095
276 8149
284 5235
152 3331
251 6783
193 3587
162 5523
122 2168
178 9357
281 7097
199 8829
88 7643
295 1341
287 8386
18 5154
253 9587
306 2176
286 2103
350 1796
333 143
121 8022
250 8604
159 6407
97 4706
321 6069
352 1577
363 7855
142 2364
15 9370
73 4636
101 1478
254 7690
117 9292
190 5052
151 900
159 5973
47 7211
263 9230
131 9478
271 7346
205 4188
26 461
298 7073
277 5798
139 2190
2 9340
130 6891
336 4445
356 1685
321 9121
356 1576
319 8114
235 6175
247 2245
204 6355
347 8481
55 9137
60 6166
318 1359
287 2159
363 1089
362 1002
180 9021
312 6929
106 2144
348 7537
307 1112
234 1031
239 6068
258 8011
282 898
92 8458
142 5946
1 628
137 5567
250 8846
291 7307
77 1791
66 9942
146 6645
39 5131
21 6226
34 6600
31 3865
244 2886
49 4198
113 2683
267 6845
24 7767
36 2245
4 8352
12 8165
187 135
69 5024
62 6737
93 2452
82 6069
235 8959
21 1017
209 1903
146 8891
275 2651
33 7446
260 7311
184 4210
333 6606
197 9189
158 737
208 2121
99 8083
75 5740
257 9940
101 5651
310 9926
163 4490
295 7358
183 8544
217 4431
270 3955
255 4107
97 4931
177 7513
2 9798
105 617
281 120
16 9186
20 172
257 7951
68 6226
175 3535
38 5400
100 4903
176 4428
188 5536
260 7433
186 7105
20 610
238 7751
70 6605
295 7946
125 5827
279 4711
123 3073
264 394
307 2398
69 9878
124 3799
191 9576
275 7720
271 4340
14 5133
134 2644
351 3997
299 2595
112 3933
49 6158
333 565
61 6380
332 2461
107 4313
264 8780
53 5255
19 1054
336 2819
220 2626
250 2361
136 1209
0 8708
26 3816
2 1653
217 2988
312 3067
158 4936
43 5122
247 8638
340 9049
195 4500
136 7704
287 3177
281 756
163 6581
336 6166
68 8443
36 7097
272 7909
10 5193
168 6749
115 306
164 3194
309 6429
57 6427
269 5136
136 6773
243 8691
204 9209
2 5235
73 4681
166 6399
14 2654
108 8176
212 875
231 7319
94 4887
353 5089
270 6562
13 5912
10 3020
311 8547
210 2242
296 3847
337 6074
345 7047
352 5913
166 3253
28 7364
310 9924
295 4752
19 7540
89 3292
339 1488
126 8643
339 420
297 993
318 7680
197 8232
36 4084
19 9266
177 798
245 4266
211 214
290 3987
189 8456
153 5382
353 1001
204 2443
283 9010
145 6068
284 3958
344 3708
123 3798
142 9431
110 8428
54 1961
164 7380
277 1060
81 3390
197 7018
268 9231
149 6861
20 318
232 731
309 3931
195 141
172 2506
40 1392
170 1548
288 4696
88 6439
323 1070
264 3346
309 8330
271 7330
359 1802
198 8699
60 6970
107 7807
131 3384
191 1333
63 360
347 8715
191 7175
43 5751
289 213
181 9511
100 4047
154 1112
229 3011
97 1930
237 5547
131 8546
148 1116
224 2439
103 5183
176 1508
112 8170
255 2128
73 1872
325 4796
95 4445
31 7080
264 3443
327 3159
207 5981
350 5273
164 1891
211 3488
303 2495
110 6417
177 4680
108 1642
316 8729
133 5863
336 8129
64 2972
107 6279
258 9728
334 1151
157 7280
156 7393
263 1159
258 3766
293 2903
275 8245
224 8268
303 644
335 8197
206 2484
303 3443
252 6856
224 935
20 476
74 840
318 744
205 6051
279 2088
97 67
62 4041
79 2349
138 6059
177 2904
212 1282
137 2525
137 8483
192 2119
254 2205
97 3262
131 5978
336 8421
233 6752
11 5732
122 4950
283 5841
297 6446
360 4742
160 5528
35 6113
97 692
47 2630
260 5738
308 72
204 6490
277 2863
155 8540
248 5705
323 7689
4 7029
308 8339
6 2014
321 9626
337 7098
144 6478
329 6560
22 2954
242 2055
83 1995
203 1742
65 1470
319 5467
271 8238
18 1673
150 8542
329 909
0 2820
141 8159
237 5509
267 921
333 968
112 7832
205 7932
116 1716
289 8822
133 5927
345 4091
248 7488
257 8983
263 4616
284 103
122 1601
288 7347
19 6929
278 5582
227 6451
175 4509
215 8013
205 2367
85 2157
329 5242
125 7170
57 4460
3 4048
127 3886
311 2235
73 7033
139 7555
213 1347
187 7987
335 429
94 1831
118 914
244 321
197 3902
35 306
245 3406
158 7039
88 8251
109 6090
151 147
89 5011
143 9366
34 6155
5 4972
146 2237
5 2884
241 3065
63 6438
132 6587
90 5147
37 3127
218 8451
27 7072
3 4651
159 312
196 5607
46 8372
351 7328
325 1290
296 4585
25 9915
91 9277
