894 842
4012 2691 7133 3903 3177 2220 9041 5136 9503 2967 5958 4185 8221 6978 6134 8423 3901 571 9552 9603 7996 6599 8774 8569 4257 4546 7445 6029 7201 9444 3198 4022 246 716 89 751 4884 6922 3457 7429 2899 7027 3591 937 1256 8 1717 7299 9208 7805 2516 6305 1094 5614 3806 5836 5569 3011 3073 3733 2955 4328 4656 7853 590 2899 2276 7133 338 4255 7744 5782 6814 5806 1979 925 4017 1841 7424 4622 7116 2799 3991 7972 6615 3768 4256 9522 4134 5082 9316 6247 4725 2393 3619 2183 4194 2947 4289 7698 1596 4405 4635 8580 5306 6407 5465 9628 9538 718 6661 4797 8300 9953 3795 810 6318 6586 55 6947 1982 5192 3297 234 9427 9978 5997 1576 9356 7546 5987 6577 1543 497 461 6424 3003 9041 2301 3283 9405 4155 3228 3552 8280 4114 8099 5227 3714 4538 8163 2188 7221 3295 6739 3888 2991 6507 4832 8881 4049 1177 554 2589 2723 9246 94 751 2199 4868 6015 3802 7781 989 3505 1196 8152 5683 3817 5395 9876 9074 6657 8339 9318 4918 2035 3744 5007 1811 9948 2400 3771 4032 9279 6167 1699 2768 3959 563 808 7888 9929 1374 4121 4875 6877 1110 9937 4487 2372 8078 3900 9574 7039 571 7506 1792 9169 4304 1207 7090 8793 4839 3777 3356 8945 4194 6494 3666 2505 9680 911 932 7178 743 9576 1707 3966 2506 3248 8899 4255 8820 9408 8403 1378 9979 7369 2931 5297 5197 6771 5691 9997 6162 6259 6952 6328 3232 3757 2486 8841 2341 9647 4431 3086 2579 1566 1766 8916 3074 1263 1941 4573 4064 2317 4604 9633 9710 8225 8235 3544 6850 4448 4157 5028 4020 1584 7010 4561 5435 7739 4959 1911 3935 9250 8770 6831 2300 2564 2484 9588 894 5077 4011 1731 1886 465 369 7411 3251 4170 5630 4741 6750 3348 2250 7648 2839 3872 6633 9382 8690 55 209 4013 8562 6105 4331 262 656 6746 1628 9697 3164 5365 9419 6666 1934 3457 3823 1577 6866 1964 3407 7728 376 6983 3435 8680 7739 7759 615 9735 7191 6408 1553 3952 3324 5659 7797 4603 5521 4604 2545 6826 1418 8306 2383 478 8061 1904 2844 7991 9938 8299 9386 4511 4493 2261 3315 6978 5100 8265 8765 2270 4969 9757 4632 1225 8167 3483 6032 5478 4763 2067 7150 2413 6517 1790 3896 4817 8063 2750 2736 7441 6316 3643 7780 3301 7699 6332 7919 6310 7516 8825 9662 4496 7929 4745 7131 6982 5932 1566 6924 9656 1698 1729 9054 1650 8341 1082 9128 7626 8586 7272 6751 8338 8693 1756 8806 7768 8783 206 9117 8787 1353 9677 5464 4831 8471 8111 794 9908 8011 6411 2673 1910 8861 4949 2166 5256 7114 8988 3412 3468 2925 5666 6502 2804 8328 7696 765 7914 7953 9747 4058 3013 4339 4470 3740 8013 6605 42 2095 5099 5629 5719 8047 478 3282 2010 7748 8893 2773 6771 460 198 4732 735 3775 5256 3810 5506 4053 948 7299 5048 7960 590 9770 1999 1725 2326 9897 1498 5910 1773 2813 8228 3740 688 9306 1045 6741 2239 9208 9746 4553 8805 159 2839 1034 215 5180 4015 1448 2010 9372 2453 7392 3041 4574 4708 2011 5994 6657 7235 2909 1360 5715 6929 2796 4843 7282 3342 8575 8446 9399 8982 3021 5227 7146 869 251 280 8475 119 1097 2107 3612 5833 9471 5965 5144 4072 2600 6796 2883 4621 1517 7606 5967 7901 2672 8342 4621 2186 1291 8998 8425 9164 6697 412 4194 7641 5326 9504 4441 748 1028 7101 8583 1102 197 5118 1569 9188 9013 4246 9318 2354 6184 4650 7207 8317 5647 8742 7063 9881 7818 5026 4994 134 4391 7374 1423 9466 7680 7009 1430 6903 311 5792 1851 5974 6393 4012 2794 1785 1023 9249 3218 9141 9648 4247 1604 6690 5521 994 8622 1730 4654 9308 4951 5069 362 3205 196 1104 998 2779 9404 1408 7393 3559 3507 5308 3578 7514 3592 6022 1027 3141 1503 7126 6080 3154 6135 8641 1340 934 4689 2430 9381 9370 1628 205 423 8387 5539 6105 8475 4193 3404 68 3438 8277 3747 8382 7663 8510 6689 1930 1266 2880 5939 2435 1745 6892 7578 3022 6979 3174 508 2034 3153 4223 3626 6627 2336 1526 1942 9412 2599 6844 198 6827 629 4703 784 6014 7105 739 9862 3788 9235 7113 4729 3048 1411 6664 7418 2768 8337 3691 1968 5939 5918 3538 1588 9447 8852 9523 5386 5051 1615 7016 9417 4099 1437 5109 463 9725 4309 2998 793 8327 5000 9802 4639 6270 8802 3909 966 9167 7583 6311 3642 1347 709 1530 6771 3624 2006 428 7193 5842 8972 5646 2748 8177 9723 989 4885 9059 3 6147 1521 157 1108 8874 5752 7818 8706 9656 2777 8132 3831 1578 5393 1493 3255 9240 4664 7085 6364 1780 2739 3074 9797 1281 7080 5626 4456 2745 6551 3387 3251 3780 6526 3952 1402 2587 807 1778 2856 8357 3345 2600 5551 913 6927 3051 6877 9812 6505 4782 9801 6362 4746 352 6899 115 9285 9144 4803 506 6478 8132 2711 7982 2505 1991 4753 5629 8843 7103 2063 3610 6213 6031 7874 4076 7489 6234 1953 8824 4058 4125 8097 9667 528 5533 1479 5679 8037 6457 8702 2358 2527 6597 8676
885 8464
731 3936
825 10
546 4057
664 6016
29 6636
570 450
172 8084
725 2920
717 1973
758 5486
144 9839
314 2441
624 4083
674 2463
238 9672
162 8150
388 16
352 9325
383 4991
608 3408
795 3808
124 877
622 3862
660 9423
483 1115
278 5771
93 8434
444 7387
511 4680
517 6029
183 5869
287 6898
67 1700
465 54
300 1855
875 2643
82 3630
148 7261
819 744
95 5039
735 2431
145 9405
739 9037
314 9531
116 8407
212 6235
452 5680
750 7141
765 6487
595 8904
746 2255
811 1944
857 9928
143 8602
186 22
73 4978
141 1897
633 8651
873 3650
668 8875
510 9023
703 6714
110 2582
370 62
272 2094
697 3797
237 7678
800 4632
542 6704
566 6236
588 4794
888 317
852 1216
576 1926
628 5704
737 4230
446 5135
833 8598
446 3352
245 6880
574 6010
786 1428
404 5494
544 155
687 6430
99 4269
754 1508
76 5405
120 9542
410 2964
142 5122
796 2210
426 3775
59 9668
34 843
155 9607
468 2394
687 6211
125 6196
886 2557
890 3619
159 3897
60 4663
102 5806
133 5036
666 2791
104 9405
252 846
18 7967
770 319
793 5200
194 4154
812 9109
57 7998
738 4996
107 946
41 4633
331 5500
359 7448
675 4247
734 6531
444 453
45 1995
541 3314
355 8614
537 2493
610 3893
375 7515
558 7102
34 2894
193 1147
763 9889
578 7657
77 8753
53 5859
869 2334
482 6785
567 2946
448 7808
102 7038
207 4626
454 4187
1 5483
663 2043
39 4329
669 2327
369 5210
334 7673
254 9161
886 2487
380 2523
89 392
678 5778
38 5574
782 6794
59 6005
853 1053
196 1568
883 2907
708 6490
310 2344
871 4150
144 3577
877 364
40 441
626 6375
120 1667
618 7201
871 5969
452 8226
319 9348
864 6804
827 842
600 3920
278 420
155 8571
748 9368
820 9143
412 7034
512 464
59 270
352 6165
720 6499
893 4428
723 8579
185 8979
711 6560
622 4472
839 181
473 8245
362 6357
887 7728
737 1608
137 5788
290 2480
286 3571
849 8876
674 2386
353 8578
255 8593
203 5197
593 3486
575 5960
423 8725
743 7921
496 5066
841 4927
780 8458
526 6817
232 124
230 2165
594 4732
708 1793
875 5999
28 3264
358 9081
681 3374
442 4729
62 1508
875 2186
714 7663
340 4004
800 3421
191 2883
456 6824
700 8473
842 451
78 9512
150 5549
130 1033
407 3322
886 6085
782 8205
340 586
408 4880
819 1085
749 986
343 8313
495 5788
803 3996
883 5829
586 5011
262 2059
777 4048
675 8161
692 9770
167 3017
563 9323
204 3147
696 5112
886 8731
200 4652
393 506
27 2143
616 3596
143 6083
238 876
666 429
349 4784
475 5638
875 2517
429 7758
589 7930
45 2078
837 1996
588 6118
381 5373
494 7283
630 3729
780 4921
604 8926
106 149
552 3904
255 2732
810 8070
613 7165
573 2872
655 8750
573 6699
775 4851
243 9678
401 2251
847 5825
641 2181
623 1182
71 2445
294 6028
178 484
742 9641
195 8578
36 8405
569 5299
184 2889
333 5201
251 3212
238 3878
215 1723
789 854
641 6967
887 1554
206 8389
697 7719
646 2505
155 4232
51 5152
353 9663
123 7401
711 2271
478 308
558 8239
363 2281
604 1294
712 902
804 8239
831 9291
343 7937
280 9037
173 7961
425 3088
66 9271
298 2741
730 3120
531 9436
736 1033
408 6874
406 747
39 4863
676 3887
485 3351
875 1201
744 6279
759 6915
316 7527
249 1189
893 1364
560 373
503 2458
442 1163
621 953
734 3545
268 2159
284 9832
465 5969
626 760
101 2090
373 2656
270 5665
850 7520
730 4682
656 8377
268 1094
413 1534
381 8742
675 4656
386 6634
840 6373
316 8993
856 7286
349 1454
696 4356
372 9977
703 3178
776 8453
457 7043
793 6677
209 4927
647 659
99 444
243 1773
670 3715
663 2087
294 5941
257 5100
787 9159
696 6324
249 4984
480 1720
13 6323
206 8239
884 8545
616 6552
118 241
559 944
285 2832
370 7448
279 9267
777 9879
360 2291
621 1465
356 8304
557 856
104 5467
718 5678
21 2493
313 786
214 5248
346 4142
713 2472
588 4001
295 2715
805 5583
122 3192
178 6751
737 8879
828 5670
495 9766
372 9840
482 7099
165 663
297 8706
333 866
847 8314
547 4402
289 2441
791 1440
104 8891
151 9382
803 9947
594 4408
108 3099
75 864
688 6567
331 1946
184 5587
194 4304
821 7777
780 7350
397 3977
816 5400
243 416
527 9284
872 5748
812 8313
327 2533
702 6706
274 6778
326 4277
236 2469
404 6530
246 3974
218 6026
413 5885
10 2992
64 6112
565 354
764 6047
565 7633
141 5996
65 3077
152 1042
767 5051
284 1501
47 7877
1 3018
610 207
784 8637
691 4756
292 9826
886 6986
762 9861
51 202
711 7582
525 451
32 4975
135 1870
362 8510
690 3074
221 9302
551 8659
69 6621
556 484
199 7730
764 3604
310 6378
532 7820
635 8058
692 6993
746 2030
766 2106
58 9930
689 4807
3 7798
562 7401
850 9640
465 3621
655 7138
569 8212
214 9583
754 7702
696 5522
664 6122
489 1627
813 7939
210 1321
51 888
761 3204
764 2118
558 1651
240 1279
527 3879
339 439
533 6510
28 9527
556 866
193 6431
497 5424
224 6444
764 5093
563 5333
87 4783
251 5121
535 2775
582 6971
812 6115
44 3168
820 9847
858 1654
693 6551
544 56
844 8919
514 2851
403 8151
421 3973
751 9284
643 4035
230 7252
638 2613
69 8003
281 4934
472 187
99 5367
309 1695
342 8039
486 3018
258 6365
274 7991
391 1963
63 2424
614 9666
252 1064
99 648
393 4259
449 3471
235 5080
576 7301
825 1492
557 6181
123 7789
387 6357
406 1529
784 4185
462 5070
409 5454
630 8167
457 1911
793 3325
591 1326
215 4904
837 5630
176 3444
620 6141
679 4392
76 8614
454 8717
382 5922
669 960
257 7224
114 6647
405 6985
243 668
713 848
403 3450
129 2917
165 5365
785 2226
446 8021
622 8535
447 6627
215 8578
457 6461
542 5416
696 6177
660 3155
642 6403
277 2431
498 7382
819 2302
630 3161
694 1744
423 6011
38 2654
397 3915
652 6925
212 8804
188 4910
24 6897
259 8314
389 8944
265 8560
798 7145
43 5461
649 6578
390 9639
174 670
361 4387
841 4472
693 1581
152 1941
431 3777
685 5152
632 7907
892 5885
796 7055
636 8254
478 1978
70 8542
444 7813
369 8480
80 7504
98 7490
818 1861
185 9319
245 8273
377 2027
78 9002
526 4678
35 2258
423 1932
443 4082
235 1127
622 9446
709 2090
700 8711
576 5318
491 9686
457 6221
114 2216
280 6917
203 6328
343 9579
534 2396
683 4873
404 261
87 3007
455 1300
213 1132
794 6281
670 426
193 4894
644 7950
546 3482
362 1035
523 7936
775 8241
74 3309
527 6679
732 4125
474 8261
149 1461
261 1646
462 440
874 8044
276 3338
714 6940
498 7086
773 5575
554 8410
25 6864
266 9661
9 941
180 3641
432 1780
150 1772
180 5186
383 7638
303 7251
274 7552
750 7055
416 8539
782 3732
835 8193
647 5052
254 1522
198 2139
511 2310
843 5786
293 6808
566 64
505 9312
294 3352
354 4275
807 8671
308 3707
27 9695
57 1189
685 1605
789 4578
714 2597
893 1287
787 9912
800 2770
175 7494
78 9568
569 391
198 6408
751 9983
271 9683
591 3222
581 9025
431 8330
657 1834
341 1926
716 8966
38 4274
613 8651
124 1633
875 8984
299 9485
330 1412
82 7508
854 7701
613 8171
188 6420
684 1759
464 1135
78 4715
252 2906
560 134
278 5073
607 5565
477 336
318 8234
593 5360
214 2769
422 1107
473 2022
412 9700
172 3585
715 167
823 1520
31 6454
125 4795
793 2439
457 13
190 5550
389 3008
360 8645
710 9457
553 1872
102 5117
879 1246
314 1415
694 3406
182 9397
28 1695
653 5132
681 9882
666 949
127 2161
368 8828
422 5108
13 1499
562 2328
522 5623
769 5936
827 1691
188 1021
365 6373
356 6310
766 8960
868 2023
591 564
629 7349
588 6245
227 5006
455 3657
850 9919
583 8953
326 8908
883 3695
299 9176
540 7376
804 4708
720 309
771 5064
687 1744
629 3607
402 7058
401 2736
496 6692
513 3359
478 1805
264 9970
318 3391
343 3444
83 5473
429 3586
6 5925
420 7513
530 6150
230 8745
527 3012
229 3988
408 1519
576 2870
723 8201
561 1104
635 8342
548 6532
84 3483
400 7874
784 6720
699 6629
649 9395
561 5071
630 2212
483 4186
808 4133
376 6843
261 9511
130 8541
875 9195
79 3342
645 6326
829 4679
516 8387
497 5138
40 1070
325 4770
286 6885
63 2289
155 452
183 1776
843 3346
21 5986
262 9772
698 1389
885 3034
765 1478
628 1707
528 2291
