620 260
1296 7618 9559 9383 1774 8079 7828 9627 6249 9213 5586 1201 6618 9598 1571 1171 3725 4720 630 5831 6073 9914 5398 5613 2456 1940 96 1484 3333 4142 2172 1144 838 1175 8586 1545 9122 4895 7440 9955 771 8036 3438 5819 9309 5 2174 7953 177 870 2401 7547 9762 3690 3708 6508 2375 3675 1746 7770 4634 8216 759 234 5088 8719 7835 701 2964 1308 4079 1764 5095 9263 9531 5308 6529 5258 1899 6730 8431 9835 4067 4916 6885 4287 1891 2856 4526 8741 6889 5288 5468 9869 5004 595 479 3638 3083 6514 5360 7542 1745 7378 5785 6570 1069 3491 4010 4484 6504 9579 4322 6127 7937 4993 6819 4399 3265 5435 240 3267 7450 6956 7278 8392 3460 3751 2044 7426 52 9829 1380 4063 5555 200 5426 8901 2517 1677 5772 5696 8007 3517 9981 5626 4920 7083 807 9847 8401 3477 2658 5508 7767 150 2361 5752 7653 576 3934 7202 6728 2065 4132 4994 1857 4491 6390 6453 549 5670 5818 2786 9244 4220 8851 1492 3780 4597 5681 901 3565 5020 1055 4924 996 3469 7756 9114 7148 898 2902 683 2586 7102 5505 3292 5264 1794 4744 9257 4645 7161 755 532 198 6294 1184 9266 1529 5297 2542 4573 2322 457 3251 7401 2227 1427 7197 1114 8439 5974 4371 7535 4577 9459 3571 4884 9492 7145 382 9495 3848 7814 588 995 7064 2949 2734 6796 12 5688 6908 3227 1401 7049 505 3498 3663 5136 182 4362 5441 531 9021 2638 8809 2639 3350 3606 5302 9394 4267 9803 9132 142 7981 1044 6108 5937 2680 9522 3294 403 9636 1685 2452 1741 8748 5154 3297 8736 1690 6001 3174 2922 977 7641 2626 4485 3394 6860 3142 7588 598 9310 2373 7972 7149 1630 25 2420 9461 5054 6401 5930 4271 1218 4267 9447 9403 2852 6580 2583 422 5256 5256 4307 3468 6639 8307 5120 3478 8328 606 9283 616 1200 811 3363 7296 9707 4791 8641 6561 107 2496 6196 7568 6406 9875 4287 3516 1888 2954 3721 6148 6136 7924 2411 137 7322 8018 9737 6758 8168 6544 1678 4636 4260 9797 2691 9794 6384 8133 2045 9703 7504 6684 6199 9355 3954 1049 8609 5436 1168 3167 3185 1758 3643 5930 4974 967 2757 3489 3132 9465 6378 1945 9071 4805 1533 9704 2925 3855 8674 4829 7269 3138 2800 8669 6021 3824 8202 833 8658 9927 3872 705 4018 4606 9476 5124 302 7603 2309 1194 2004 2069 4360 3766 9394 3869 2478 9120 5606 4467 9154 1743 8173 2356 7842 6816 1519 6819 1849 6031 1432 825 5077 7381 9411 9843 1115 5683 4569 1973 7925 3602 6309 7447 4432 2553 3061 88 4878 8408 5067 208 68 7976 4035 8811 4498 9791 2925 7314 1642 9695 3559 9300 5245 462 7681 8080 5280 4510 9568 8295 1849 9028 4715 9972 9477 4665 3273 8406 4434 3556 5908 8791 2237 3972 5546 7896 5080 6180 9966 7474 8151 7247 8749 4240 1444 5155 4892 4184 7481 977 3790 2233 6764 7217 5342 9939 1879 3701 1980 4039 8940 662 1274 1278 8614 9743 496 8480 1657 2571 1387 4089 3491 4155 6913 6983 115 9626 6858 4613 5368 9090 6071 3702 8022 1207 370 8517 8121 4802 1495 7425 7446 1196 517 667 2365 2447 8501 5849 1315 1139 7398 117 3546 2544 9095 1629 1103 9640 7301 4257 9613 1895 7637 7864 7993 5503 4437 8625 2003 4256 623 3678 8049 423 6460 7597 4132 2676 2647 9302 2717 9606 3793 944 8547 7635 5975 20 4282 9025 3498 1828 4735 1265 3194 8796 9426 6261 6576 1621 9218 4130 898 7631 4348 3225 6516
168 6024
350 9926
580 5161
319 8990
473 2880
146 9958
474 3461
206 1300
420 3776
602 182
564 8896
385 2669
279 5192
175 5905
377 4628
103 4270
31 1947
436 922
138 6769
14 7916
589 1178
139 9300
481 3121
133 4963
362 8215
66 4274
365 7373
9 7346
5 2332
288 4683
82 6398
39 2896
62 9939
308 5296
235 4631
253 4452
32 7057
315 1971
299 1121
420 1163
577 1282
71 6111
85 6957
50 7567
305 2673
195 1566
410 6006
111 1338
507 8475
583 3500
526 3975
196 5272
168 3958
316 3075
596 6592
19 7062
400 7950
210 6418
145 4842
113 5289
409 1272
329 8909
449 2644
234 9776
243 5136
286 2741
254 2905
197 368
114 8110
428 3528
596 9925
502 4367
567 586
564 5893
190 4628
312 1173
22 2596
4 6195
197 9524
418 4400
410 1679
277 418
208 344
288 91
413 700
335 6642
554 1476
571 6905
133 8837
619 4152
51 9051
410 7294
332 4652
0 691
38 4496
241 5719
433 7035
547 7256
216 2845
192 1244
183 388
119 9127
92 4535
339 9839
420 4308
269 722
301 438
499 6766
41 6907
368 4485
70 81
55 2261
339 7355
258 6408
237 4886
532 8626
57 2168
601 2291
412 2307
617 7884
493 4608
569 5528
43 5283
25 302
537 8133
230 6090
397 1624
438 9904
417 9877
328 7477
488 4136
441 7220
504 2642
107 5984
471 2727
385 3480
249 878
462 4486
504 9651
510 3248
143 8288
426 8587
379 1379
37 6781
576 3140
463 973
604 8523
393 2236
284 1586
475 9401
123 6409
469 6768
419 7173
287 8966
487 4089
476 5431
430 9161
117 3602
38 478
331 3876
125 5944
291 9555
232 8498
405 2636
198 2269
593 3634
146 5198
546 2091
52 864
231 4570
468 255
539 8292
513 2227
94 3781
174 6700
26 8781
287 3472
303 3769
467 7400
78 2489
48 9060
192 4449
124 9435
411 9736
600 1584
293 6138
343 1438
364 836
611 6230
32 5716
75 5991
574 4857
15 6685
348 2928
514 9810
526 9301
354 8343
493 6689
145 9818
373 9348
212 4726
317 3919
408 7197
48 1880
95 6327
375 4412
519 4521
254 9697
445 7221
155 7513
612 3657
549 2231
372 922
589 7147
335 2611
439 9154
378 6981
70 5583
519 7781
508 5798
270 1081
324 7796
278 4870
381 1857
367 2287
216 549
595 9917
194 1718
124 2458
117 3551
595 3767
247 2543
91 3379
607 7449
516 1072
605 5471
39 5990
244 4563
30 1070
456 8969
421 4583
269 1622
163 7492
56 7912
410 9324
517 3483
68 5445
479 7236
475 9866
81 5698
186 509
458 3931
615 8904
492 5542
376 1412
145 3623
109 5964
460 6303
220 4720
577 2414
