553 747
6049 4789 3041 7156 6375 7846 784 3009 4245 1383 3674 2818 4551 9982 8566 2648 6255 9341 3093 8690 8082 5693 2485 9190 4124 324 1498 3058 8794 4216 4769 8779 9795 5 6511 9197 8271 1085 9743 9613 9536 6489 2572 2883 642 4019 3635 8937 3762 2278 4140 5194 6638 1423 868 464 8493 5472 5939 8190 6721 6786 9199 7424 3765 5074 550 4667 4568 1008 9281 9279 1098 8825 6613 3434 8607 635 7253 3520 4861 7071 5030 5825 6893 736 4480 6102 7178 2701 4646 6865 8389 8704 1078 9953 9394 9836 3409 7158 9518 3431 4745 3053 1254 9741 9354 6496 1343 1235 8752 9914 1796 5742 6918 7960 9838 1577 9265 4308 9105 1066 7823 6237 5428 513 8179 9890 8332 3442 3886 7519 3188 9046 9588 4856 88 4266 9777 9878 7823 2386 228 4434 3474 8391 517 365 2948 8854 8492 2534 5022 1374 675 2133 7841 8584 7495 4303 4896 6440 2023 4113 5219 4836 9285 620 4473 1327 8397 521 6040 3574 251 8555 5215 3595 9225 7515 1409 8002 2581 515 3713 7453 7854 7763 1179 9886 4969 7359 3693 4933 5106 5517 3721 5639 1210 9329 7151 8945 2402 514 8606 2525 4941 9484 1173 8584 8225 73 3353 1411 5027 7862 8673 715 4538 778 5122 2609 5171 6285 4731 1085 7073 65 8313 7077 4478 8326 283 967 1950 6384 836 7380 9166 5146 8589 4304 3767 6553 5219 9524 4494 1724 3520 504 8237 9394 2677 8356 8776 4272 5147 8618 5711 6475 7562 435 5151 8534 6292 7006 8109 6229 4462 8673 1898 6862 7776 6164 1437 4597 1564 1844 8626 4206 3978 7238 4167 6108 7402 7565 1980 2627 3717 8469 7689 4267 5782 5796 8937 9256 8454 1284 9147 9646 8234 2949 3798 839 7266 6685 87 6681 9869 2799 1426 5771 8300 5654 2345 2833 8833 6389 8299 5014 4015 5370 5409 5742 375 6528 268 9108 8202 4832 9414 4843 4993 8097 9382 7257 2825 458 3560 7522 9104 7038 3100 7567 7176 8079 1351 1022 29 6595 6214 2411 5103 1047 5623 3111 5270 8233 4927 7743 2306 8626 2963 8666 1944 5268 1281 7836 2146 6032 3347 6406 4466 6194 8657 8322 1574 8974 6412 9159 9256 5017 3452 1146 7738 8639 25 19 4359 1693 3034 7041 6043 3400 7843 2532 8694 7845 892 6575 4456 8678 7545 6758 2542 8236 3090 1284 1761 9311 4874 5266 6754 9256 1096 1350 6786 7263 5972 485 3365 4305 3470 9644 8675 3741 4176 6852 8873 3357 9677 7667 5274 3794 7032 1784 7652 7064 6556 5793 3128 2574 2275 359 7103 7180 8128 1249 9397 3985 5907 7319 8201 9976 5086 9395 7532 4292 6613 4515 6008 3691 1872 4677 6119 5807 4395 8920 8837 2159 4870 3865 835 6094 1350 461 9481 4521 6131 3455 3897 5592 8055 9933 4075 4768 6607 7167 3727 7372 743 8317 4256 2925 0 5530 6521 7888 8911 469 1199 6535 5991 304 6299 9421 6804 3865 4346 937 5122 4497 5572 5709 8931 5119 6490 5651 7657 2869 3253 7653 6567 2347 550 3796 6166 7049 8071 465 7363 2226 1497 6852 7903 3588 5858 6548 5441 1261 4538 9081 6014 7991 7691 8654 7276 836 859 1151 6362 6957 4070
468 4269
389 3136
373 6934
101 5215
34 6849
14 9382
256 2988
404 6203
201 8718
25 543
483 2411
401 1894
191 7760
413 4480
441 2205
510 3436
323 8294
257 8809
370 5067
181 2195
495 5123
176 6237
87 678
401 6281
175 3879
138 3669
328 8889
482 524
542 2804
195 7467
3 8920
298 9236
158 145
348 3625
324 4476
488 5568
429 5676
114 4780
405 1869
146 5232
371 1203
425 4807
391 6508
34 4068
20 5506
314 354
257 5035
44 7451
219 7092
365 4098
184 2441
131 8241
354 8839
531 5119
376 274
173 2616
290 9738
552 387
445 5348
421 6764
534 897
452 7095
461 3599
290 4198
189 7056
130 6254
393 6292
552 7711
221 2575
313 7585
118 5621
294 1964
126 5371
484 1370
304 490
521 4027
416 6156
268 3436
268 1257
335 4190
213 9677
473 6113
535 1440
10 5658
338 602
249 5570
13 4592
524 5291
497 9005
404 7974
346 8836
27 4457
323 1738
330 5949
151 4793
232 3682
437 4575
34 5309
155 9002
122 3783
88 3991
0 4888
303 7283
369 5949
129 4018
139 1409
417 9018
499 1562
488 8663
456 4338
346 3972
20 7582
453 6928
49 9920
209 7163
545 5080
4 9483
120 4012
541 740
20 6649
118 1584
72 1218
236 9954
318 455
277 4000
241 7000
540 7178
18 7521
85 9684
210 7244
287 8519
333 5015
289 1724
349 9221
179 5419
33 7012
483 4761
447 8016
525 5336
123 2965
230 6336
303 2050
87 1588
492 4216
358 8933
242 5676
512 1715
14 2878
411 7745
159 6793
318 9634
339 1164
124 3833
453 5316
391 5928
51 8286
241 2975
192 8489
231 9300
243 1799
289 4713
233 8614
295 1842
550 6421
345 7049
13 9603
341 8014
247 4918
547 1519
101 9322
75 5524
298 9650
266 5204
466 8163
243 9257
260 14
544 7017
29 6560
540 5580
371 3271
542 8976
123 8437
501 3458
181 6922
165 9406
467 1567
108 548
451 6633
479 8693
306 6950
387 6857
548 1946
165 567
67 7753
90 2592
93 9033
254 2701
304 5813
417 8534
252 3047
480 837
486 6356
106 8181
258 1116
91 344
409 939
219 106
223 5246
106 4876
315 4621
252 7343
33 3785
319 7863
67 4432
14 3606
418 1291
158 423
27 9056
447 3104
186 300
386 3642
107 8487
317 9091
198 3522
252 1318
64 3430
41 7808
383 4978
433 9706
395 9395
153 4214
526 1417
187 3710
254 3898
74 5296
168 6877
549 186
257 1010
67 1196
347 9751
127 7452
433 7865
8 7017
360 5279
0 6840
537 3928
119 5972
153 3315
60 965
449 1129
395 8940
13 3535
201 6662
187 696
15 7860
343 3691
143 1359
66 3496
174 317
542 5045
233 2304
398 3747
169 1467
431 7675
134 7523
141 1182
451 1970
176 7777
19 5354
171 8006
366 5123
507 3014
331 1197
162 154
97 2637
358 5593
155 9935
424 618
513 5323
191 7764
125 6102
487 5100
518 5598
132 3373
285 7457
76 165
341 562
75 5401
29 7630
100 6798
350 7121
296 7304
50 9523
23 4978
352 4958
420 7918
38 1225
421 2023
88 2323
51 2586
260 2852
26 3458
94 6832
121 3560
249 3070
544 9980
308 9481
238 9098
49 865
366 7347
220 6045
479 1795
440 4591
125 4373
263 7471
156 9212
81 6979
285 1156
149 9560
323 4206
496 6718
423 254
469 2508
351 1433
214 7656
286 573
33 1857
49 1268
248 2416
4 2208
212 2532
523 1745
247 8659
259 8576
548 2470
398 4809
48 7650
394 3853
304 6606
191 6311
263 6807
208 5516
474 2966
236 8037
340 4281
516 8636
551 1892
464 1350
321 4434
223 4577
360 7323
382 6753
167 5601
140 2865
115 1299
497 6964
284 6108
454 9864
166 9499
319 4037
424 7733
106 6902
191 3654
136 1957
371 5306
173 7770
193 2274
130 7982
29 8353
114 1328
210 2964
286 4801
142 7544
207 5726
398 8693
387 7146
292 1471
205 9576
517 2111
510 2745
182 379
118 9873
405 2172
399 3318
89 1511
466 3855
177 9714
512 2204
322 4970
387 7872
16 1431
146 2055
157 659
260 5925
299 6201
305 6512
465 2432
492 195
235 9563
113 4286
228 4078
466 4559
495 7963
15 1637
186 4244
476 9444
22 1521
142 8269
54 5333
461 8390
536 4164
456 8368
152 8185
413 4486
516 9724
274 9791
470 2252
550 2428
458 4205
90 2193
177 929
361 4149
504 4380
384 2809
239 6928
90 3085
58 3432
421 1238
453 9199
118 3650
98 3106
192 6212
307 544
205 2807
205 4255
5 3964
155 6923
158 7392
291 1601
519 5997
486 1552
268 5448
167 8725
352 7715
436 4121
522 4842
547 6792
438 1900
513 7523
72 1102
351 3020
109 7567
550 449
262 4915
314 4931
200 9780
289 9991
206 8531
236 3970
243 8751
449 8456
477 7481
385 628
529 7837
159 5133
439 7299
330 1443
474 8784
376 9677
395 7373
383 7668
328 395
4 9796
341 1010
409 2948
274 4021
414 7380
438 7299
526 4372
535 7641
257 5377
138 7029
291 8595
259 7491
264 3770
326 2730
77 4796
419 3999
125 8381
71 9629
122 6137
353 1197
207 5297
483 4737
364 142
462 2871
42 5870
360 5623
178 9838
209 7450
143 7258
538 3320
363 1736
237 7631
294 894
244 6896
237 5509
88 520
37 4951
427 4811
422 2920
535 3222
266 3118
288 6601
132 2064
190 1119
146 1134
249 8296
506 1718
195 4050
373 3526
214 3614
301 163
197 976
534 462
421 4551
35 5959
226 3974
442 9914
534 8649
384 1857
19 3485
246 4661
425 7599
440 1271
220 5715
323 2256
295 4867
162 5538
144 7281
503 3837
528 6386
369 9765
291 7766
398 3720
302 5974
533 9082
281 550
319 287
136 4094
24 5179
169 7792
292 6905
544 5243
517 4499
166 7861
443 966
140 8090
519 2007
394 7768
338 7291
485 7096
214 5431
237 7816
213 8750
504 3493
398 6113
71 6858
432 5111
74 6777
49 3599
426 518
207 2493
269 8343
192 2877
187 2379
105 494
138 6597
451 1522
397 8967
387 3496
356 6291
214 4528
203 2128
423 8528
244 7699
527 9538
469 1051
140 5087
146 6280
504 7601
18 434
136 7650
249 7051
42 4277
507 8377
349 1433
190 6396
278 5948
109 3948
214 7239
416 9569
470 3199
270 8943
152 7955
178 9883
210 4541
25 5372
406 4315
403 8039
148 2497
492 7084
393 2671
280 4714
545 6139
360 2167
252 8404
277 4398
96 4490
40 8986
250 934
242 640
117 7948
330 6341
541 8990
406 461
454 5387
172 1414
171 1227
32 5187
452 430
390 2551
535 192
474 2205
392 1455
140 3166
127 1584
232 5997
377 4780
512 7714
77 7036
462 4353
192 5270
253 5691
22 4089
454 2566
397 3781
501 9593
346 7227
168 7744
503 5006
270 5425
72 9130
59 1072
541 7192
127 7840
518 6291
126 3808
199 1496
445 9026
69 7868
91 5064
286 1477
43 1705
447 4975
86 2742
458 2512
208 1265
197 4287
402 4713
1 7077
440 4622
194 7886
530 7972
410 2317
133 9851
250 6833
192 6431
13 6853
264 260
197 8756
60 3868
230 8037
123 4960
349 3936
141 3848
430 6786
133 829
248 8538
359 1804
298 5535
330 1790
184 3126
329 6619
209 2573
411 1758
501 8001
447 6350
68 496
424 3799
72 6529
494 7975
71 6085
129 1245
149 5184
163 8167
351 8119
334 8978
108 4529
503 9062
408 1948
60 7083
522 4970
154 5615
93 4185
467 8056
464 529
80 4461
318 9955
441 7554
379 514
24 7510
510 6189
521 5457
279 8461
435 2335
64 6925
16 7111
401 8027
26 3311
258 6418
169 4788
502 9431
41 3488
457 4159
541 2736
494 7673
277 411
95 6885
93 4246
215 8039
449 8967
378 7806
210 6888
347 1196
61 5268
34 3939
