997 675
50 1800 1046 7786 6054 4375 9827 2343 156 8515 8289 7854 2475 540 8437 512 8722 3138 2229 1696 5442 501 8397 1641 4799 7495 9575 9561 4206 9508 1605 4311 9032 1735 6299 1430 8780 8925 7875 243 3798 2832 2124 5913 1349 2427 6684 821 5832 1759 3884 1152 2530 2966 1413 5057 1904 8646 4877 2781 914 5712 8303 7805 7930 3151 3320 3523 7835 3578 2083 8979 3196 5256 995 1527 9786 6491 2229 7512 7865 1996 8931 5717 4325 7297 9297 22 5219 6096 5710 7882 4384 9710 5204 3152 9432 496 6946 1994 8966 4659 3447 7868 5936 1807 5082 789 666 1818 7923 4205 7673 3029 3651 7339 3099 1600 805 6779 318 1573 80 6773 1639 1546 4561 5776 4753 9913 2674 6133 993 7671 3211 4982 1041 9544 5013 3828 6680 3926 2673 7694 4585 5477 8724 858 6231 5256 9257 6708 6729 9126 7968 6580 5837 2849 120 6846 1382 6533 1854 2889 290 3937 8513 7941 8940 5398 2844 9522 4069 490 7071 3882 184 6920 378 5800 2146 9115 715 7673 4010 8067 6857 9594 4938 5769 7749 8772 9216 5234 9081 6799 4962 8319 1254 908 3896 7376 7343 2372 4479 4866 9901 944 3918 1286 3290 1510 2677 5413 6463 7292 7654 1589 5690 3131 7022 1211 6085 140 967 2561 3734 9839 3777 6717 7959 6557 3771 8676 292 8564 6486 2859 5898 8161 581 2457 6840 6709 2701 7113 7734 5347 7448 9637 50 2036 1096 2682 3528 6713 5108 9371 9485 797 7242 4084 1586 2526 4098 5779 2126 2393 8822 6370 3372 3708 2143 4591 2865 6104 4657 6697 5836 9016 4202 2756 8863 8670 8235 638 1978 5181 9870 2335 7602 2173 8222 9962 834 7789 4312 1750 6389 5542 3203 4520 7544 577 1527 5022 1205 6789 320 2515 2774 4883 5298 7126 971 7880 1456 5786 1073 4960 7198 5404 3102 5947 8762 8823 1269 694 8810 151 4357 1258 9089 6045 1820 9870 1685 3172 5509 1263 7471 7856 8412 2968 4844 5116 5180 3556 6800 9212 3020 411 3917 6133 4958 7382 2648 6739 5310 8974 2557 6210 933 3585 4537 9220 2796 2837 4419 6415 1752 1543 6426 3718 7459 7058 4871 3586 9914 2351 2134 3735 9206 1961 4693 9330 1385 8663 604 8018 5620 571 9791 9984 1983 946 4842 7231 6175 8178 4980 8031 8984 4530 7388 2479 8444 407 8834 131 6663 3697 5414 6429 2905 6701 2645 1094 9525 2754 659 2773 3183 2560 8805 9734 527 493 2383 8205 232 2086 3692 7376 1083 6334 3047 8993 834 8946 4482 210 6550 1736 1783 7877 1259 116 8021 5638 1045 6882 5589 2272 4957 4056 3776 1888 52 1491 463 4645 3314 5645 2468 1667 2150 7837 9851 2317 3693 7350 7571 8880 7713 6470 1120 4152 8613 6006 5610 9058 3817 7972 504 861 4829 663 6300 4694 455 3142 8387 4964 7673 8498 8463 1164 3424 6466 948 4025 7640 1009 1190 3598 2400 207 528 850 4066 2365 7083 5712 7974 4572 7353 1224 8698 825 9973 9318 2637 9846 5170 9032 9910 5950 8011 7240 3812 6105 1340 7882 5816 2760 8154 2776 7976 2680 1323 6829 7673 1382 4674 9469 8866 5844 5223 9483 5767 7464 5272 2157 3280 2713 9918 4513 4497 1799 6202 2535 861 2377 2218 6630 2924 2157 3249 7116 1485 1166 9079 6167 2579 3928 7686 2725 539 2671 3843 5113 1888 2183 9014 9391 6045 6848 4208 2765 2461 2360 5563 498 1596 7532 3071 3030 7661 4828 6771 1237 7958 4865 9944 394 5372 2322 4716 5171 8114 7589 9850 6759 4898 6973 7389 611 2862 376 7059 6250 2762 5241 5737 4988 6001 6276 3095 3160 445 4082 9318 3542 2182 7071 2756 9141 3494 5245 4459 5858 1271 4743 1852 2563 5302 6781 4918 3368 2876 9368 4992 3033 9581 1046 8809 556 7274 5267 4290 8880 9686 5897 861 5741 2497 4735 6269 5826 2993 7287 1059 5487 382 5762 7766 6231 6441 8569 3943 5799 1297 1672 5672 3935 1522 1104 3717 5983 353 326 2058 9548 1345 7641 5863 48 2752 7907 1333 4714 3590 4900 8967 7444 1908 9817 3172 7935 3199 5969 8437 5378 9153 8640 4822 9866 5345 6056 426 9978 5833 3440 1060 3141 3173 4541 9826 6675 9014 3039 9628 6523 5348 9980 6400 5512 3468 9267 8283 3437 4952 6488 6457 9950 2650 9167 1162 5766 8719 668 4248 8140 1986 2227 2239 3593 7628 8909 1068 7646 3965 8089 3877 4603 359 7736 6297 6738 5981 8323 4745 8587 3545 6896 3599 2659 6314 1423 2142 8007 9995 2927 8044 8272 8675 8734 1372 4243 9201 9007 7110 6343 3360 4702 9770 6495 5966 254 8873 1434 3557 9258 257 4488 6715 6936 560 5229 3109 3804 7182 9881 4281 3412 9404 6880 155 7988 4781 7352 5934 5197 3163 4750 3621 4823 7594 4701 9579 6515 1142 5402 1953 9804 8250 1230 278 4966 8430 3315 3856 9827 7169 1671 5794 4012 1433 9607 8734 87 2082 4106 4966 8412 3931 5530 6477 9467 8783 9048 7648 7435 1555 156 6403 9568 4967 1997 7996 3967 2578 5938 7593 8689 8215 1318 6471 820 1180 838 1013 3537 3868 2215 2540 5808 2770 4399 7401 4245 6592 8014 1947 4034 1736 117 344 477 3195 5771 7941 2274 427 9306 6527 3537 8477 2343 8402 367 961 5012 1264 7724 2748 1693 3530 8306 8891 1772 6099 9530 5326 5031 6931 7128 3299 1792 2377 5601 7923 886 5192 6276 6069 8276 986 6604 7627 6171 8962 2792 2223 656 501 7648 3416 7987 4869 7440 1198 3785 8085 843 6402 9380 3461 9953 682 6244 5140 8662 1513 5888 9259 8978 3392 6633 7264 9779 6122 2183 9525 2869 9718 9792 3423 9385 9962 4177 5457 6265 7985 3433 816 4145 7054 68 8376 6344 4728 3199 6181 1880 2749
631 1267
128 2638
674 7237
228 9221
298 2213
419 5273
810 8785
935 6167
441 8179
673 2812
278 1294
721 128
927 9202
431 3617
370 3178
966 9570
405 7838
68 9784
412 8611
352 8609
165 7969
286 2775
612 9541
531 3663
860 7419
14 1227
774 836
440 4046
214 8819
655 7270
178 9438
842 8227
863 7672
469 4453
936 9143
678 7040
255 7969
363 8157
773 2022
668 5146
305 9469
540 4707
413 7362
62 1157
722 8360
841 9565
680 9943
314 8651
429 2504
896 9455
921 1948
516 2342
308 6197
862 6461
193 4150
480 5293
231 1958
282 1940
109 486
520 7542
307 5491
465 344
965 1044
121 4984
786 851
525 7720
692 8230
24 5770
219 4384
34 4233
844 8015
601 1819
202 826
566 6870
372 2644
51 555
409 8987
19 3190
470 7255
820 9011
822 8456
136 6332
658 9682
685 6538
486 811
807 9347
770 7176
829 5470
365 615
215 3956
28 8044
452 6142
218 1633
87 4920
846 61
643 3906
970 8105
35 1056
21 3121
8 8537
368 6030
173 5026
519 682
718 437
444 6064
693 8853
83 5726
778 2738
532 9272
671 4322
628 5592
989 8051
210 8335
427 8077
310 9089
120 5819
958 3482
835 67
829 3991
62 2288
74 8565
130 1639
304 3474
702 9993
389 8246
815 6501
431 3318
401 9856
707 94
594 1655
432 8633
78 7319
331 8307
311 5872
274 9988
309 4816
244 6512
640 5716
560 7384
996 4662
142 1862
412 3378
349 3654
823 826
1 2893
409 8725
446 7162
882 5293
69 3036
965 2024
176 4764
421 5196
68 5715
615 2297
96 303
853 498
105 2225
382 2958
22 9723
144 7372
401 4272
487 1710
584 2874
202 2350
632 4039
835 3783
371 6338
297 9994
615 2144
11 3502
696 6475
576 4210
922 7489
109 9955
559 8630
463 2553
660 9784
724 8062
523 4050
47 1433
901 788
913 5506
750 4016
804 6632
567 7082
433 162
313 401
715 8374
139 5269
856 4857
761 3971
238 2672
781 7367
813 9656
101 4282
720 8389
292 6846
678 2191
350 7282
512 8518
860 4184
179 9182
568 7689
851 918
618 9037
547 8006
629 5350
111 8922
410 7788
205 2374
179 1339
82 4216
836 9110
563 7134
549 9198
413 9816
817 1837
758 349
619 4306
847 7144
27 3157
228 9865
197 9347
467 6869
422 6307
67 1946
94 3117
318 2847
292 4944
28 5245
500 7081
549 6899
364 8158
912 5449
336 7317
938 1782
314 593
48 8714
843 407
823 4154
657 2330
579 8762
523 9979
115 1902
758 8119
719 3589
570 7152
463 984
145 4045
989 3597
55 2698
199 1413
193 6800
501 5709
538 5925
740 162
658 9479
566 3242
74 5487
297 1955
597 9484
646 3017
691 3883
808 804
375 6405
262 8597
598 8056
883 4096
423 3233
181 7322
262 9847
930 5400
244 2083
550 7897
280 3980
892 2706
179 8059
560 4475
580 7284
780 6810
340 5912
805 6745
906 6043
53 2220
557 1579
365 2204
830 8656
554 7761
881 1196
42 1289
513 4597
173 8024
710 2001
609 7754
736 4177
599 3804
980 737
42 5653
118 5269
844 9424
738 9423
219 5400
603 4324
794 3338
991 6109
504 9857
94 7399
359 5256
288 1265
667 686
897 4907
831 3606
817 9139
74 5838
627 4224
55 6088
710 6811
66 5227
451 247
847 1874
511 4128
57 616
784 3265
676 9590
893 4083
819 4864
586 4012
393 4465
804 8733
685 4799
250 2013
723 2457
562 3418
300 6749
237 8666
254 6304
57 2603
259 5902
449 613
304 3694
978 6788
675 852
950 4709
104 1519
952 7166
475 8622
687 2167
342 3679
649 3181
418 2746
493 1908
49 665
665 7652
88 9817
140 1077
296 6081
264 7129
865 1290
4 2572
221 2175
681 6045
904 2193
430 3497
364 7678
146 155
902 8866
404 2966
220 8342
276 4284
24 3261
433 6274
506 7712
408 5113
567 4770
99 1151
678 4574
550 9310
446 5502
568 6032
472 5836
694 6698
14 4800
571 2692
864 5611
652 5049
657 9814
81 3658
594 4037
290 9903
946 3956
767 7078
734 4269
277 4046
709 4307
674 1613
977 4323
848 4530
507 5498
856 2786
767 5593
802 2297
46 8188
2 5970
352 2749
961 4906
469 1955
415 1202
398 9189
938 2365
586 7302
844 9079
550 6364
787 3894
279 2758
885 4899
954 4829
312 8144
423 9248
968 7618
515 9465
949 3617
497 359
380 6722
429 783
129 3022
546 6884
592 3101
98 5312
966 8888
617 7289
751 7661
415 7602
149 759
707 4095
438 1351
55 5265
749 7434
621 6740
767 9691
697 3713
414 2805
302 7579
867 9122
523 1520
148 2266
141 1651
903 5802
199 2193
602 3300
663 7332
706 2493
806 5897
328 942
27 1729
813 6720
22 316
101 9908
510 4878
193 5923
938 5952
103 5148
246 8079
937 1787
607 7455
625 8075
717 1356
173 9121
981 3784
275 8089
723 1074
720 8593
446 1010
798 2378
96 5020
444 2767
328 2129
890 5410
621 9069
605 1790
510 7115
897 6440
164 558
541 6035
372 1255
527 8760
452 6237
190 1114
646 1940
262 1142
838 7778
944 4273
139 3956
977 5032
533 7082
795 2739
908 3797
650 20
740 6804
281 5099
558 9444
906 4219
578 5982
995 520
796 4248
671 3840
236 8578
593 3960
479 4333
819 9004
813 8302
478 8125
922 3391
831 6060
529 8021
70 6565
461 3187
380 2802
430 6956
843 5581
690 9190
466 5249
258 2319
14 2058
5 2906
72 6152
253 5618
255 6667
19 8035
429 1792
58 4005
537 6539
307 1694
116 1596
71 7529
49 1355
768 5673
680 8815
643 1662
780 1575
473 7959
175 6210
864 2796
3 492
397 5541
254 5369
24 5779
839 373
295 9421
459 6550
187 3373
284 3228
20 3465
405 3319
406 5718
995 7806
304 7565
808 9713
874 3598
945 2431
348 9245
666 1032
283 8740
320 6790
612 7232
168 6429
330 8898
726 7647
612 6426
909 6320
903 5142
799 5321
509 6384
885 1348
309 1000
20 5546
202 1516
712 5141
320 6965
435 4225
133 4317
571 6456
720 9970
124 8007
132 6500
895 9743
300 2153
38 1292
590 1744
690 1469
841 2347
987 7772
507 5742
47 1126
26 694
211 7075
44 6589
56 1189
149 2152
159 7899
623 2480
741 8482
890 4127
317 2763
644 505
931 9896
735 1444
480 3209
367 9295
685 3708
704 9404
935 2629
859 7912
434 3444
176 8124
427 3020
746 5464
722 612
472 2653
101 2406
559 6620
765 1573
653 9892
789 6573
562 1275
188 1194
468 9386
417 8824
481 8025
738 5907
938 8462
873 9054
743 8981
950 1948
631 6439
692 2783
655 7667
347 8113
365 7027
768 2025
114 2124
361 6194
792 7969
806 158
510 495
296 4732
346 7572
16 9878
336 3585
836 9081
973 8302
609 7119
860 9816
282 8876
310 634
508 1037
972 1616
906 2918
128 1999
276 2270
349 5355
731 4453
991 4118
714 6555
790 5968
407 9253
806 6848
62 4543
267 1761
182 6927
667 6079
75 9151
633 5020
51 6205
545 1285
498 3740
