16 984
2810 2774 2437 3373 3794 1579 423 7352 3072 7911 13 3073 9096 7081 5647 2452
10 68
9 2565
7 610
13 754
4 3534
14 8977
2 3865
14 5977
10 3977
8 6399
10 8270
8 9385
2 5914
6 8463
0 5007
15 9318
14 6219
11 7480
11 7137
14 1373
13 3460
7 1089
14 269
13 8420
9 5117
7 469
1 9796
1 4016
0 4857
9 1792
10 6294
6 236
7 1764
8 3188
7 3655
12 8173
0 8942
11 9597
14 8622
8 4929
5 960
2 1233
10 4372
7 6291
2 4615
14 2531
13 8181
14 2945
5 6191
2 2110
15 516
5 3694
13 1335
13 7926
12 2231
13 74
5 9109
2 359
0 6216
1 4000
5 1093
7 1793
4 7941
2 9814
8 4428
5 1942
14 6433
1 7605
2 8334
2 9703
3 7076
14 4691
10 1147
11 2094
11 9924
15 8125
1 7011
0 3717
6 6942
6 1069
15 6098
9 1230
14 5474
4 6
10 7075
2 232
3 7397
3 471
8 9045
13 8816
7 9033
9 6743
13 6563
8 1966
12 9738
12 6855
10 2912
8 697
12 3864
13 5425
5 1905
0 6912
0 264
14 4283
0 6704
12 7147
1 7075
6 5457
5 1156
6 3269
10 9663
8 2692
13 8916
5 5069
1 2080
4 4965
10 2099
15 7383
6 1171
5 79
3 1850
4 974
3 373
11 3782
11 7474
2 3891
13 9072
13 5610
7 2172
15 978
4 4567
0 4467
14 5709
13 1285
3 8132
6 6556
0 8376
6 8036
7 1893
2 5781
11 3355
1 4208
10 257
11 5167
11 3071
7 5252
12 1100
0 1807
12 764
7 6729
1 7516
3 9572
12 4537
15 7954
9 6701
2 8870
6 3458
1 6497
15 6894
1 3747
15 8708
9 5054
12 5214
4 4367
12 6686
8 3990
1 8850
15 5755
11 1592
2 1077
3 409
12 204
13 1677
3 5541
2 9989
3 9595
10 9927
14 1049
2 47
8 1305
12 4675
10 2071
13 3880
10 7126
12 3525
8 4444
5 4808
14 1433
15 9080
10 5975
8 3493
2 1162
13 726
9 4338
8 8589
6 8045
2 6564
3 1935
14 1434
9 7715
9 359
4 8518
6 5598
14 3087
10 8760
6 5633
11 8856
7 5427
11 2211
1 6250
14 4899
10 6181
7 1009
11 4526
4 835
5 1939
3 1142
2 765
6 7464
10 2672
5 9124
6 7953
12 7701
15 5377
0 8074
15 1969
3 1039
11 828
6 6273
2 9043
4 7310
8 8525
2 9924
8 5444
2 9031
14 5962
11 7721
5 7810
5 6842
14 3655
11 3760
11 3776
12 6314
0 6438
8 3782
2 3146
7 945
1 1027
8 5720
7 3949
9 9189
6 1160
2 1598
6 6905
9 7488
3 8020
6 4705
2 4134
8 3289
12 5248
14 7728
3 4266
5 9421
0 5899
5 3658
11 5352
11 1923
12 2525
6 8472
2 9667
13 1686
5 5394
3 5378
0 5528
5 9753
8 2948
13 2905
8 5984
5 5104
2 6911
3 3791
1 923
9 9595
15 7504
14 2169
8 9216
3 6290
11 2774
4 3042
11 6280
9 9832
2 3294
0 6038
6 4434
3 8167
0 2167
13 131
7 7379
10 6822
10 3482
1 6888
2 6291
6 2911
4 22
11 7338
4 148
1 4430
3 575
7 4919
6 4379
1 2637
15 3417
15 8943
14 3807
8 355
4 2683
5 3807
2 2997
11 9410
15 7506
6 5343
11 8729
8 7687
0 8396
3 7456
5 3152
3 8681
13 6206
12 7049
4 78
9 817
7 9256
4 2755
7 2038
8 4183
3 1972
4 7251
10 5634
5 1519
1 4874
11 8918
3 2893
14 6400
0 5181
14 5714
3 5577
6 8579
14 3980
14 4221
0 9278
11 4455
15 7362
5 5157
2 4618
7 6648
1 2385
9 2786
9 1364
15 9062
12 4259
6 6698
3 6811
11 4671
12 33
6 6717
1 4122
6 2541
8 7627
9 1297
12 436
2 3431
5 814
12 2964
5 4863
5 885
1 2122
7 690
5 6171
5 8865
4 8537
15 2725
3 128
8 3905
5 4547
6 4987
9 937
5 9931
15 552
15 908
12 8761
13 8194
11 5002
5 3241
8 301
10 4242
2 4292
11 3263
7 2394
10 6147
12 9687
10 1017
2 6287
8 2531
7 2846
14 3839
5 7464
13 6575
5 2962
6 292
13 6750
7 3519
7 5955
1 5838
11 1241
9 7411
10 2975
3 3814
7 4131
4 9412
10 8758
14 8285
6 7649
6 6770
0 1325
9 1581
2 4416
12 9886
7 3768
7 9380
0 2037
12 7797
5 657
8 1557
13 6804
15 3909
3 7481
2 2180
7 5326
13 2811
6 3735
11 5446
8 7040
14 7271
4 2261
15 6196
6 3992
13 1635
8 2285
1 2807
10 2848
9 5740
0 2420
7 5932
6 7295
0 1660
13 648
0 5010
5 609
12 1053
6 2992
0 6892
6 1335
7 3318
9 178
6 226
0 2818
12 3319
4 6675
6 7810
13 260
3 4277
13 2973
13 3492
0 1131
5 1187
8 3382
15 1634
3 9856
7 9031
15 3242
1 2705
9 7163
1 6901
9 9150
14 7067
0 3801
1 6297
9 1763
8 6160
1 6026
14 9271
8 9693
12 6469
6 4054
15 3001
9 9536
9 1514
13 6200
2 9114
4 9191
14 4404
13 5010
4 5296
4 6255
9 3975
1 9472
10 9334
12 6834
11 6098
12 2474
2 3513
1 5405
10 7338
0 6442
7 9678
14 1799
6 968
14 405
14 5846
5 1475
13 3135
12 4246
12 9092
9 110
11 247
13 1995
1 5363
8 9611
1 9344
14 9151
14 9222
5 3588
6 447
14 4606
4 9877
9 1660
13 2278
4 7245
14 2414
7 5682
8 5840
1 1981
6 5380
3 8731
0 2632
1 813
0 7183
11 1964
15 6845
1 9179
2 8969
10 7033
10 3448
7 6602
15 6955
6 3948
9 3409
11 5176
4 8464
3 2290
10 5566
3 7071
12 7330
8 2351
14 9789
1 5128
7 2753
3 4336
11 7351
15 7972
15 6509
14 3438
6 1646
10 7395
8 5555
11 78
2 6018
4 6040
0 7023
2 1332
15 6956
0 1180
2 8127
7 9472
15 2314
7 6228
6 6659
0 6611
6 7184
14 5037
12 1725
11 4525
13 5617
7 3690
1 5034
5 1451
5 2580
9 614
1 9968
8 4164
9 2556
15 3779
4 9869
7 745
8 8796
10 8995
5 385
2 1062
9 1894
10 7719
8 1339
15 1985
5 8633
2 3869
13 3191
5 9679
1 1050
14 3160
13 6912
0 2248
3 2064
11 5179
14 2686
15 9081
0 2144
5 1473
0 8134
12 6584
8 5409
5 2790
0 795
14 3259
11 9695
14 9916
3 4531
15 3321
1 849
9 6593
3 3879
6 9054
10 2009
14 1920
11 4382
3 5094
12 5446
4 3055
15 9820
4 6997
3 7278
13 813
15 4170
14 1480
8 2322
10 4945
9 2091
8 6325
2 2073
8 9094
3 3557
1 3617
2 927
3 1671
5 8517
7 6595
9 5458
10 8358
6 6944
8 6498
3 7575
3 3492
8 6216
15 5241
15 8578
12 328
1 2
10 4443
12 8343
14 7175
9 5110
3 592
2 461
10 6326
1 5334
10 1905
12 9364
10 4823
3 2009
7 4626
10 7237
10 1940
3 2842
2 7189
9 1517
8 6633
7 1178
9 6877
14 4573
11 7820
12 1460
9 5973
13 3525
13 3013
6 8967
1 9957
6 2669
11 8504
0 9049
7 2337
15 5783
3 1763
8 8904
15 4590
1 3195
10 4090
12 4869
10 505
1 2910
3 9251
5 3192
15 1132
7 5454
7 431
9 2782
12 6608
8 5318
12 8370
14 3104
10 1546
11 2328
8 3215
14 368
4 2485
2 5476
10 43
13 1253
4 7841
6 2355
2 7962
10 885
0 885
13 5170
9 1181
0 5966
1 16
5 2619
14 8252
15 2172
10 3396
8 1933
2 9761
3 2143
8 8614
14 714
11 2328
5 3322
4 5902
8 9776
1 9632
6 6808
11 9
15 2031
10 1202
13 1407
11 9552
7 6687
6 2181
12 4348
10 9050
7 3267
11 9176
12 2177
8 3344
2 6730
5 6306
11 6010
2 6988
5 4876
2 9529
2 908
14 7379
15 8468
8 2863
7 4143
15 5653
9 5646
15 4822
0 3092
2 7608
4 4297
10 800
14 1936
6 7959
8 8959
10 6725
11 141
14 6896
14 7755
14 5324
9 5363
12 3833
14 6373
11 8121
7 4705
0 5734
10 6963
13 8086
11 1468
13 2814
14 6733
5 2502
3 7753
1 6840
8 6104
5 7548
9 4792
13 7426
1 7779
1 6464
13 4700
3 6591
15 7059
3 1443
8 2719
14 2753
1 4770
7 7020
14 5412
3 8901
0 4411
10 196
2 3535
1 496
11 1888
12 6213
10 8803
13 5361
10 6483
11 7926
1 9362
6 3416
13 8863
12 1186
9 2516
5 2165
10 7254
11 4709
9 1615
15 620
6 8093
7 9573
6 289
1 7896
14 1041
2 490
12 7852
3 3794
4 7038
7 3912
11 4838
12 1056
6 1139
9 4688
2 6092
0 2243
6 4971
14 923
11 4949
9 5490
15 2676
8 7874
12 4750
13 7312
5 6704
12 7503
5 7027
4 44
14 5125
7 6525
8 9890
14 8191
11 9869
14 6249
12 2101
5 2540
4 7211
6 3726
3 5979
10 3531
14 8622
6 8915
6 5197
13 7152
12 100
7 6691
14 5106
13 4209
2 7638
4 7388
4 2067
1 317
1 8993
15 1364
11 633
3 9125
10 498
15 7516
0 6556
9 5199
7 5865
5 4787
15 8714
7 5624
15 70
8 1863
7 2071
1 5238
9 7776
2 676
14 8784
3 7224
10 9405
5 5378
2 3601
4 3952
10 2050
3 637
4 9205
9 3655
0 8804
5 1004
7 2179
13 856
4 9150
1 3182
7 9990
1 4403
10 7283
1 9844
0 545
0 3264
13 2362
13 9203
0 3268
2 261
13 2759
1 3722
6 5679
10 8954
3 3125
11 3805
3 3157
6 1002
6 9732
12 9785
11 5587
9 8313
3 5006
11 9371
13 4285
13 8238
14 7202
7 9185
0 8905
15 8882
9 3056
9 1920
10 9809
10 2975
2 1984
0 2230
10 5251
7 3010
0 9761
6 9926
14 6116
11 6053
7 14
2 1982
4 7915
14 9208
14 6286
15 2949
3 7839
15 2560
