16 717
5099 1780 8248 7784 658 9837 2778 3653 2316 5975 9557 4329 3387 1009 9801 6948
13 894
9 498
9 5511
12 6685
2 7296
3 1579
7 4051
4 8498
1 4460
14 6162
13 8837
7 7208
14 874
15 9860
15 1245
7 3949
7 6109
5 2496
1 9528
1 6631
7 1934
0 4032
0 1819
6 4619
12 6317
10 264
6 6309
8 9712
10 5070
6 4041
10 1550
11 4589
1 3785
6 3587
1 8853
1 3288
5 3925
8 13
6 192
9 9306
4 218
4 9057
8 2333
1 8289
2 4113
3 8405
2 6461
14 2759
7 2710
14 3962
9 2899
8 1592
5 4532
9 4449
2 2225
8 5216
0 5182
5 5835
10 1530
15 3225
7 9992
3 3047
1 4137
15 9807
5 3831
14 7315
13 7561
10 4254
4 5856
6 1652
15 7948
9 9272
4 6891
8 8914
7 5410
2 6035
5 9419
12 1867
5 8411
5 4502
9 6609
5 3560
4 8472
2 8810
6 2649
10 5356
2 7692
2 9245
14 4138
1 7684
10 6749
11 1056
15 7980
1 9082
14 7093
13 2890
12 1068
4 9507
10 6774
11 4922
12 8842
8 7003
13 2426
4 7555
7 2257
15 3194
8 6548
1 7158
2 5625
14 3944
11 7726
7 407
5 8262
1 758
13 4578
6 8546
2 5264
0 5503
12 3989
0 885
9 7150
10 3574
10 1690
3 7661
14 9170
5 9341
11 8726
9 9214
14 7767
10 2009
0 3161
7 9509
2 2018
7 4625
4 1270
8 6460
0 9048
5 827
1 6133
2 4345
7 3508
9 113
10 879
13 8643
5 3441
1 6122
14 3414
12 5341
10 2636
12 8509
15 2009
12 8708
15 5896
11 2664
6 2280
12 2884
3 8317
15 9057
8 6697
2 4587
14 1727
12 2049
12 6936
10 451
3 8710
12 223
1 1873
3 7527
1 438
8 882
4 843
10 1605
1 2524
0 5193
6 5263
7 3103
4 3858
7 8777
5 8179
8 1610
0 9796
14 3949
6 846
3 9830
3 8039
7 8131
14 1727
8 771
9 5653
6 1441
6 5005
3 2122
14 4129
13 4177
7 6631
11 2006
15 4149
0 5541
4 2736
5 3700
7 6376
11 2454
15 5091
15 6453
6 6391
15 1
15 1430
9 5338
5 9267
15 9467
6 431
7 3132
6 6783
1 1189
8 4032
2 4151
2 251
9 76
15 2740
13 5223
13 9508
12 8733
4 6856
10 2000
3 1573
4 67
13 8719
9 1257
5 6549
1 3344
2 5671
12 774
11 1447
3 5319
11 6701
2 5988
15 6321
10 7356
13 7753
3 7123
12 2087
4 2604
1 2743
12 1613
3 6224
2 9641
6 76
5 3469
8 58
2 9908
0 2062
13 1248
15 9346
10 1835
15 3793
15 2441
10 4650
4 7018
2 4844
1 6004
12 8377
5 9329
6 243
8 8231
14 8182
9 4631
14 6763
14 9909
1 5779
14 966
8 2106
10 4769
5 6864
6 8000
0 7959
9 82
7 6637
11 6531
3 3907
7 8811
15 5837
1 5086
3 414
7 764
14 2088
15 795
0 1201
1 3825
9 235
3 2577
13 1427
7 3559
2 1972
10 9144
7 7932
11 6714
0 7863
5 6037
7 2418
1 6095
10 1246
15 301
2 6829
13 5909
1 3407
2 462
11 4699
2 5096
15 5979
6 5673
1 239
2 5254
2 1398
6 5261
14 7169
10 968
6 114
6 4750
15 1327
6 1333
6 3109
0 8024
2 7191
5 1224
2 4167
5 975
10 2920
5 2490
1 1188
14 322
9 6354
8 4470
9 8910
11 4957
7 1511
5 3464
3 4613
6 3923
9 7113
7 2046
3 2745
2 2401
8 9975
12 4154
2 584
15 9283
4 4082
14 346
8 4552
12 6393
6 9725
11 3176
3 1466
1 5078
11 8384
1 7739
5 8262
13 9490
0 3339
13 8564
3 8052
2 6341
6 9483
6 3255
4 2263
3 2130
14 2612
7 1559
12 137
7 6493
3 8210
13 7907
5 1719
9 5455
5 4606
5 9357
10 1176
2 4586
8 7728
12 4663
6 1670
15 6588
11 6511
13 1647
13 4097
14 8233
7 6626
8 8181
13 7371
1 620
5 6966
1 4252
2 3700
12 9957
14 5952
0 733
14 5374
3 2727
12 7446
10 1032
1 5133
5 6757
15 8559
10 6297
1 4474
11 1465
9 5868
12 9015
6 2545
6 4382
11 8625
6 9734
12 8653
8 5151
11 6228
7 6982
0 7225
2 754
3 9255
14 5659
12 840
12 8770
4 5368
13 2986
0 8656
3 9326
1 6900
0 8398
0 8307
5 6918
11 7651
4 6252
5 2526
14 2200
0 214
13 2183
12 7568
9 9271
11 3834
7 4788
4 7862
0 1186
10 2838
11 3950
9 7566
5 5942
3 7268
10 7102
10 7131
2 1295
5 7735
4 3097
5 1113
3 362
9 8015
14 9254
13 6161
5 7971
14 1210
6 9253
4 671
1 8758
9 3941
1 3029
1 3869
11 9586
15 6167
1 3063
11 4089
9 5504
6 6996
13 6680
12 5162
6 3667
5 5567
1 5218
11 752
0 2703
14 1631
8 8592
3 9056
0 4616
7 1438
5 8128
14 2475
15 2348
15 6890
5 4285
8 560
14 1265
4 2372
4 2034
7 3422
0 1108
13 4291
6 3980
0 4855
14 3301
4 9557
6 2420
7 9678
1 4873
13 7177
8 7456
11 9629
14 6855
3 8755
11 8444
7 1148
7 8957
9 6102
3 1060
3 948
7 1301
7 6115
7 3258
2 7249
12 95
10 4585
15 9875
14 1160
6 525
3 9688
5 8688
5 7025
7 3994
13 8691
8 3613
10 365
13 1320
9 9502
14 8358
13 6336
7 4535
11 3389
7 7249
5 4499
5 1775
12 1436
7 9911
5 4772
9 7128
6 9413
4 5545
9 1379
7 3688
14 9915
2 5942
12 9052
10 2526
11 5340
5 8097
3 2958
7 7643
10 9277
4 9795
0 3372
6 1667
7 9608
3 5583
9 4984
9 1656
10 3525
6 9854
8 2860
12 7418
10 4143
13 9108
7 2013
5 8791
1 5848
3 8483
10 4736
4 8885
13 8654
6 197
11 4509
5 2339
14 7874
4 8413
8 9770
15 9753
4 4125
2 2465
10 6812
6 4674
3 9003
13 9746
13 5986
12 1273
10 1216
12 5593
9 3775
1 5826
14 3829
10 5208
5 4474
10 8347
4 8608
12 7252
11 5155
12 7216
1 9483
14 5906
9 6245
10 329
1 6242
11 6840
13 9155
8 5210
3 9760
5 116
12 6188
0 9382
0 297
15 3782
12 236
3 5106
12 4365
13 6886
4 3549
6 4818
10 8590
7 9826
7 7032
11 7881
15 6155
6 3302
1 6553
13 5999
4 1027
10 2631
1 2987
10 2132
3 8300
9 1598
8 5098
9 7615
9 9572
0 193
6 8768
1 7959
1 698
5 5895
9 338
6 2169
6 4270
4 8161
6 3687
1 2414
3 2898
12 4959
1 8122
15 6828
0 1427
9 6881
15 7679
12 2639
9 3968
15 3524
11 6448
15 7131
8 2492
12 2809
4 6925
2 1859
0 3521
4 3292
6 6777
9 8583
5 9945
8 10000
3 9880
5 4614
15 1715
4 711
5 51
0 9942
15 183
5 5967
11 1319
8 4797
10 6201
6 3984
6 4381
11 972
2 172
11 1397
3 7084
7 8922
5 4035
0 3406
8 4440
11 1545
4 6598
6 9785
3 4329
14 7255
4 9473
1 1601
10 8429
7 2846
6 990
9 1607
7 920
11 7310
3 1827
9 6180
8 6084
5 4923
0 9055
9 3219
13 305
12 7321
11 2301
10 6549
10 8466
