1024 597
6642 4997 2746 8373 1605 422 5512 2855 694 5308 1052 4948 5559 5038 4688 607 907 4434 1371 8371 8415 2326 2828 3417 7234 4779 1803 8342 24 5788 1873 9772 3437 9863 1404 25 6223 6352 1197 728 8934 7544 963 1305 727 6291 8630 1427 9850 6432 3373 5025 4312 4820 2646 3957 8188 1921 6639 5006 754 5325 940 3530 7416 99 4247 1047 1634 5047 7432 3798 9830 6370 2594 7743 9642 5952 7569 8962 3886 2251 2038 3616 3358 2155 2680 2780 8866 3475 9415 9464 8604 4952 522 2130 8640 5233 4902 9656 2535 6447 4966 7200 5987 8819 6759 2576 9095 7597 7164 1305 3861 7453 6886 5245 3997 792 2694 8263 8515 6362 3428 8033 7510 2256 8245 4459 1340 3232 322 7791 8856 4658 1497 5101 4837 2448 6626 5450 3863 4276 3517 3283 824 130 4386 9858 1242 4242 2310 676 9068 3675 5999 441 3437 1070 9211 8861 4737 874 4343 2317 441 8314 4499 7916 8850 3898 2442 6991 7018 6943 6069 5119 7857 8632 7958 3365 8871 4619 9226 8646 7841 8411 7660 7977 2691 6128 4612 6474 5701 6327 5405 3189 1837 1343 3386 1405 8339 6296 4346 4072 7429 362 2882 437 701 8532 6760 5796 4702 8457 1681 6113 4683 1464 3223 6425 7574 8924 153 7125 6565 6998 3050 2399 6227 7859 4974 4640 1423 6996 741 1672 5232 6002 8255 5098 1869 732 9137 904 4059 473 2405 9422 1796 6054 7213 3169 1411 8129 1102 3518 3413 5651 9340 5954 5626 2505 7891 5042 3307 4965 4277 2177 9957 1530 4682 626 501 1019 7274 5592 2124 8615 5320 9706 4887 1955 9877 9125 1627 7390 23 5155 1138 8616 6357 7910 1975 2222 5433 6466 8687 2341 3670 4270 8597 6424 6827 2928 3963 5320 9366 1488 5110 7578 7528 8960 8541 310 8606 73 5922 3574 9399 2167 2606 702 6758 7464 2342 5458 9705 8002 6849 1988 4145 9660 3074 7763 3478 7663 387 7309 214 6901 560 3512 7794 6897 8593 4209 6341 253 5260 5709 653 2074 6085 5699 3824 2828 2638 473 6020 6093 9281 1184 9195 3905 3634 7523 8326 6888 8333 5424 7855 8341 1814 1481 2952 4937 3260 9800 7011 4139 8149 2436 1375 3242 6694 8894 5806 9501 5605 1681 2876 2727 379 2154 6938 7542 3188 9428 5172 265 4952 4459 6438 3151 2567 2767 665 8 859 1000 6600 4635 5516 152 6382 4927 7055 2631 1470 4268 2600 9806 6051 7695 8587 5334 1538 3780 1564 6817 3752 9526 4602 7270 7136 3682 8904 3511 1136 1753 9863 2921 8888 3257 1968 4243 8446 6030 5851 4133 9279 9906 998 1954 7467 1051 236 7852 5815 37 1071 1068 7787 5221 1211 6255 7281 4422 190 3552 920 5196 680 9676 2505 9927 1899 5033 7218 6192 1564 1229 9600 1675 5662 5053 5644 1847 7585 1892 8207 4157 160 9720 5514 5383 4153 6392 891 2157 990 989 5062 3943 3161 2301 2560 7513 2253 5793 9350 8622 1381 6959 368 7698 4080 3540 70 1903 779 9369 8025 3584 7581 7555 9113 1671 3929 3267 3786 140 6528 9583 325 6288 9363 9781 3569 9192 8615 2504 7176 1787 6786 4523 9195 1554 1847 9395 6091 9051 9937 4761 8370 7912 1109 5474 4331 5538 5782 9151 7256 1767 465 7160 5401 8263 2154 3309 4351 3251 9069 9440 4604 4349 3003 4077 2966 8177 3965 7413 2463 6286 2966 3453 2580 2583 9466 757 8479 7441 9098 9787 8008 9086 8085 3516 5295 4769 1569 6753 5526 7987 6806 1884 6853 3862 9338 5016 4759 8881 7993 1192 125 2607 2417 4765 5998 6512 5314 4524 4464 7728 6428 9913 5032 5372 1167 5723 6250 3759 2118 2283 2852 4096 3128 7532 7953 2611 5915 8954 2272 5625 2871 3149 7318 6943 9273 1417 1697 2266 1263 4944 4353 8797 5260 3670 7607 8931 3248 9091 6906 5086 8065 2568 7655 8568 7761 8141 7390 4379 6019 7037 2658 548 5753 2475 7143 6050 6437 4114 5570 5514 3708 5467 7225 7667 830 4265 5316 8712 4884 1185 4045 6003 2415 5227 7928 9355 7900 8965 2769 5126 1616 8003 5267 5319 4442 8720 1961 8867 4885 5662 7987 1105 1652 1938 3741 5546 5807 8116 9590 2584 8085 8372 3976 2163 549 4782 7198 8661 4561 1544 730 4323 826 8782 9340 5203 3315 9948 7757 4814 6779 8757 7948 3959 4588 1430 5577 434 1863 1046 2631 4918 3631 5765 709 2775 6257 7638 8678 3109 4957 9536 7348 7022 475 1437 7556 1319 1059 8697 5520 9522 806 5046 1940 4534 1235 1183 9032 9412 1800 9844 7604 9875 1925 1006 1454 4337 1060 3047 9647 6520 875 3278 4211 9831 8413 7660 9515 432 7860 7343 2383 3697 9435 6368 3996 1820 583 4784 8508 5234 3588 2120 2939 8103 4704 803 2856 9300 3310 3825 8916 5214 342 7682 9261 1669 9645 407 3770 3020 372 7180 8293 5525 7423 8476 8511 2828 2283 8259 5220 1461 2851 6886 2476 5558 3590 4374 2970 4939 1002 9276 2034 5141 8585 7413 6687 9518 1259 7456 5103 4396 4844 6292 6804 6715 2188 4724 2655 7467 5217 2940 3522 2614 9343 4418 6094 1078 4009 8729 7556 1121 9710 401 4984 6440 4132 9854 1788 7928 6862 350 5947 1638 6442 3370 6247 1901 7389 7383 4746 6139 1413 2290 3586 4645 6058 3972 460 4281 7024 218 228 4021 7419 5926 7566 1353 5201 5819 8007 7868 2699 607 5673 6771 1429 3894 1042 4388 9119 9694 3686 1891 3466 8656 2553 1509 5353 7402 1229 5923 884 4041 5365 7579 7187 7946 2363 6617 5494 6849 2687 9649 9372 4822 3790 7013 6396 7570 4841 2308 1368 9780 8114 411 601 6303 1384 6841 9779 2590 4144 7069 4679 8171 846 6614 8614 2048 5990 5911 5549 7918 2294 3589 644 8259 4445 4112 5138 5397 687 463 8692 7783 794 547 4608 1902 9052 7867 1798 3396 6696 215 848 2306 5480 1745 4626 3518 2143 6392 7930 4323 4843 7435
750 9442
548 4569
784 4594
462 4489
430 8534
800 8512
756 9478
864 4436
782 2451
372 1925
511 6345
553 4731
854 4694
93 9306
361 7368
860 8045
25 2478
481 6501
877 374
613 8374
338 1251
469 515
567 5132
262 7839
451 2355
239 4945
556 8631
730 6411
592 9086
512 592
183 8693
897 8327
915 4357
620 6058
142 6174
344 799
254 5186
606 5660
13 6384
524 2345
282 9783
888 136
260 3827
828 6869
379 5996
669 217
135 4341
314 2907
213 5733
397 1236
908 6927
823 6595
925 1830
1015 8214
702 9340
972 9607
789 6121
543 4173
875 667
108 3371
538 5118
621 7146
44 9995
16 2202
103 3478
556 4946
758 6912
83 2726
820 8467
13 1443
451 8172
468 9142
651 895
1021 7755
799 8088
527 8854
780 7152
429 9537
22 4911
308 7023
990 2024
897 2204
1004 8575
79 2115
646 2319
812 5641
382 2599
361 5308
372 5857
51 9685
550 4866
438 6338
1021 5701
708 2298
902 4089
614 8788
412 5934
614 5227
445 4182
896 9288
166 6775
275 6338
234 5007
154 8634
648 7577
603 3694
635 7928
958 8553
125 1974
270 8299
919 8446
87 2830
544 9609
952 2800
905 8201
429 8045
359 3879
333 6370
164 1379
708 2209
589 5586
506 6089
805 2267
506 652
975 3424
731 4362
1011 6791
677 6053
742 7343
166 8059
368 2435
821 8041
315 338
783 1414
614 7668
979 2920
841 2960
557 1143
963 1055
455 1181
16 5041
139 3671
56 6000
630 3140
946 8253
390 5698
716 1880
353 8469
814 534
484 3014
789 9
389 5114
556 6032
766 5823
10 6125
126 2806
139 6757
582 5613
52 6991
507 4749
873 3231
445 9360
121 9313
621 5361
94 8602
43 1304
804 152
636 915
302 713
772 8187
41 1975
942 5963
519 1189
680 4133
42 3633
619 73
922 57
264 7727
196 3705
216 4387
234 2132
985 2188
449 2312
354 8227
410 5083
483 5205
397 1429
256 579
966 4204
112 595
611 7418
318 9363
385 2749
769 2665
824 8898
828 4633
295 4318
811 2400
169 9339
1015 1751
997 9520
232 8305
874 3883
919 2062
643 5756
722 3989
786 1450
744 4552
709 3547
699 61
819 9028
19 7868
340 6735
404 4799
1019 3576
310 5947
326 9593
244 786
884 7071
240 7417
568 1149
1006 4471
133 7045
328 2845
936 4900
192 8211
531 9156
82 4095
700 5584
724 6652
443 2253
422 7813
811 9456
394 113
395 2480
213 5603
308 9756
782 5177
446 549
269 4920
813 3688
901 3375
713 1600
562 9828
167 3481
395 4083
703 5329
17 6267
214 1607
80 4623
577 2205
163 7978
74 9373
737 2986
821 6806
256 7864
1015 102
522 8506
322 2864
647 9227
371 7798
524 7567
263 22
153 5703
685 5975
209 2461
528 3831
861 4985
184 7679
288 4520
889 739
741 8097
312 1935
265 8826
901 3460
551 9525
278 2261
196 2056
260 2963
786 3239
699 9682
612 615
965 6823
680 6133
732 4103
282 3007
248 4321
82 1373
844 4801
930 5247
659 4902
718 4736
621 5809
711 1390
667 552
32 8061
751 3157
255 3546
684 8341
421 2750
578 1187
974 1541
126 4793
418 1055
261 7590
724 738
824 1427
44 8903
782 9212
886 5409
87 9275
973 1556
972 5077
339 6179
629 7513
878 644
902 8903
281 5307
365 263
813 8708
942 1828
831 7228
635 5538
70 7051
62 7122
837 4909
623 8495
205 5195
640 622
802 6815
30 2214
572 9651
443 3448
615 4857
700 5811
225 8811
656 3418
935 2646
672 3489
125 4423
501 3909
935 352
310 9596
616 4218
930 9064
753 9862
673 6933
76 8168
20 6179
160 9157
789 2101
380 2668
502 3606
865 5245
878 3552
489 120
1015 2852
287 7593
230 7295
120 2048
587 1122
162 8818
177 2662
615 6233
442 8494
166 6131
197 8618
86 4195
677 3943
905 7196
765 860
942 6774
439 4432
504 2672
520 6822
762 1688
945 7537
336 3788
353 6728
53 143
553 3762
577 7858
140 9338
320 1479
208 7075
429 1363
345 2762
706 1263
129 3796
0 8623
612 4744
771 6839
801 6077
74 8097
619 715
660 6111
585 4925
487 3604
693 9568
519 4113
1014 4813
960 5893
964 9960
537 6570
991 2814
41 1383
322 4525
346 2705
945 6042
828 240
685 4056
305 8234
814 7083
297 9965
242 3374
465 7223
452 6631
354 5225
68 4984
380 7958
824 5544
175 5738
328 7024
825 4819
547 5053
31 4613
579 4336
359 458
941 6914
708 9388
300 6940
324 953
148 8964
212 4190
299 5873
282 7839
747 1338
129 9177
652 9606
769 1726
895 7697
478 3160
501 3986
923 5031
788 8051
165 2391
898 4865
842 5546
287 8477
338 9685
22 4326
665 881
449 6030
56 2107
169 5118
63 3438
355 7085
741 8214
578 1596
613 112
581 4074
332 9311
638 1064
23 2357
603 5328
484 3998
538 4135
127 6752
168 771
991 621
892 835
83 515
179 7373
197 5323
804 9863
39 3839
277 3556
664 4292
537 7543
64 9291
116 9116
20 171
15 7263
419 1154
434 7908
381 6715
923 1270
921 621
408 9346
320 1601
875 1302
480 4106
280 7167
833 1399
672 6367
563 1743
703 5319
102 4137
442 3489
926 4030
20 9078
848 9269
649 895
276 6221
656 1565
580 4460
99 753
384 6862
404 798
458 2334
596 887
415 8124
472 308
387 4295
637 3277
25 6029
626 7241
63 5787
400 8259
521 3109
1011 9377
1018 436
267 7566
535 2608
680 5761
606 9252
355 5366
441 6010
711 7877
679 6596
705 4483
733 8210
876 6660
408 5812
959 6194
595 8116
343 1999
519 8998
27 2458
1023 7643
981 4164
610 1738
517 8519
25 2459
508 9098
609 1449
788 7343
230 9854
707 4526
906 3093
323 890
128 476
361 62
170 9954
666 2984
112 7707
414 3617
785 6476
257 9820
751 4702
251 7554
137 1506
122 1551
544 594
847 1731
641 2857
1015 7438
960 611
917 1537
987 7162
398 3440
922 4858
50 1386
320 2921
962 3181
875 1317
177 8319
435 7760
499 3385
828 6485
759 6668
324 5112
86 7107
257 3798
728 3288
60 7345
400 9325
625 7427
416 5204
446 8072
433 1996
248 818
72 6380
696 4225
650 5578
859 8726
777 4198
