4 297
2251 9319 5287 9969
0 9405
0 4375
1 7219
1 1677
1 7284
0 8473
0 5453
0 7740
0 5487
1 8549
3 8646
1 368
0 9190
3 5772
3 6863
0 8045
3 3835
0 8643
1 3628
1 82
3 3483
3 5677
2 5294
3 7176
1 4904
1 975
0 8844
0 3672
0 1844
3 6922
2 8378
0 2798
0 1386
1 3457
3 8233
0 6318
0 8006
3 3711
3 7617
1 3068
2 1936
0 1656
3 9461
1 3694
0 1566
0 5467
3 3301
3 4596
2 7975
3 6990
0 2644
3 1671
3 2316
3 3476
1 7938
3 2963
2 1133
3 6089
2 1647
3 7344
3 2698
0 3399
2 2721
1 6677
0 443
3 9471
1 8471
3 8625
0 1797
1 8969
2 9368
2 3241
3 5687
3 6899
0 1866
3 1391
3 4555
1 5522
0 6471
3 688
0 2172
2 250
1 7041
1 8025
2 8091
3 4577
0 105
2 8587
3 1681
2 34
0 2135
0 3476
3 3548
3 3659
1 1597
3 4296
3 3069
1 562
0 8676
1 9916
0 4255
0 6538
1 5529
3 2563
1 6912
1 2653
0 775
3 917
2 8980
3 2135
3 5884
1 9816
3 7054
3 3991
3 2206
2 6951
2 8733
2 7366
2 1678
3 2225
0 1684
3 1877
1 6455
2 6913
1 3466
2 9815
1 2711
2 4118
1 8735
2 7359
1 7701
0 6049
1 8398
0 472
1 5923
2 9311
1 7372
1 2356
3 510
0 2462
0 9163
1 8559
2 6216
0 6592
2 7589
2 847
0 5887
0 524
1 9618
2 2991
0 383
3 8599
0 5478
0 6925
0 536
2 9130
3 7313
0 2618
3 7047
3 1208
0 431
2 326
1 9957
3 4047
2 6197
1 583
1 6466
0 8515
0 5483
1 8546
3 4324
3 8751
0 4122
3 8533
2 385
1 727
1 7204
0 6057
0 737
2 5881
0 8182
3 9026
1 7743
1 7687
2 3030
3 8071
3 6461
1 8069
2 1556
1 5553
3 6556
3 699
2 6436
2 3541
1 3444
3 3606
0 852
2 7672
3 5588
2 440
0 4433
2 1889
0 1584
3 4331
2 4267
3 4003
0 5068
1 2233
2 5799
2 1425
1 6496
3 8310
1 9163
2 5339
2 992
0 587
3 3899
3 6245
3 7778
0 3469
1 7687
2 6777
2 7393
1 5504
0 6490
2 4832
1 6872
2 2795
1 5825
0 6596
2 2218
3 9979
1 6670
2 9553
2 7357
2 329
2 5441
2 9624
3 9620
1 2531
0 2775
1 5103
0 9640
2 7703
2 6849
3 6340
3 2999
2 9576
0 4445
0 6965
3 4301
1 3362
2 8206
2 2816
2 1585
0 5051
1 7907
2 3228
2 652
1 4944
0 9779
3 7910
0 732
3 4640
2 699
0 7164
0 9499
2 8599
2 2407
1 4719
1 2097
2 1095
1 2609
2 6378
3 2306
1 9614
1 5079
1 8132
3 3329
2 1338
2 4706
0 7937
3 9822
3 6611
3 3158
2 2126
0 5218
0 1503
3 6270
3 7411
0 140
0 799
2 3673
3 9236
2 5655
1 6468
3 445
