4 481
5246 8931 8458 9053
2 9676
2 6041
2 1918
2 8534
3 4587
0 5866
3 309
0 2540
1 7038
1 7566
1 6245
0 9128
0 2333
0 453
0 8725
0 57
1 4684
0 5650
1 9522
1 6301
3 4996
2 9569
0 8850
0 2322
1 4130
2 5967
3 5032
0 3152
0 6285
0 1821
1 7335
0 1798
2 5775
2 2133
1 135
2 8777
2 6549
0 5700
2 9035
1 7594
2 3904
3 1334
0 165
2 9269
3 4605
0 6025
2 5488
2 3776
1 2993
2 7704
0 7352
3 4086
1 8608
3 4138
2 4600
3 7597
1 6456
0 1763
1 1088
1 509
1 5566
3 9901
2 3388
3 115
1 6630
2 6669
3 9122
2 6412
2 8586
1 6375
1 3307
1 840
2 3184
0 5320
0 3575
3 636
2 5308
1 229
0 6819
1 6055
0 1548
1 6003
1 8396
2 3368
3 7750
1 2071
2 2994
1 9777
2 5329
0 9322
2 6575
0 1046
2 6378
3 193
0 5316
0 5303
2 2572
2 2522
3 89
3 4841
2 4857
0 2537
0 1860
2 8791
0 9501
2 7310
0 1465
2 2916
3 1643
1 8143
3 8261
0 9335
2 4918
1 7488
2 917
3 3181
0 3836
1 5911
2 5478
3 7884
3 281
2 3938
1 7005
0 8802
0 4796
1 7951
2 5609
2 6318
3 5353
1 228
1 9329
1 2919
2 2261
3 2512
0 9186
1 5781
3 7548
0 5777
3 4141
0 6966
1 5004
3 4109
0 5550
1 1040
0 5828
1 4013
2 1176
3 9978
0 8899
1 3020
1 3156
3 1472
0 1884
3 3342
3 285
0 4767
0 5747
0 7650
0 768
0 6463
3 1134
2 4623
3 5768
2 3777
0 4420
3 6332
0 7484
2 1764
0 5917
1 1994
3 8599
2 9907
1 7061
0 762
0 285
3 4559
2 7906
3 9494
2 7235
2 2123
1 730
3 1303
3 7063
3 3836
2 8348
1 7046
3 6933
1 8103
1 5341
3 5800
3 1864
2 9899
2 4954
3 9459
1 6866
3 2846
1 636
3 1932
2 4828
1 8864
2 5659
0 5732
0 8918
2 9638
1 7169
2 8477
3 143
1 459
2 6733
0 4758
3 2808
2 2946
2 1402
1 3054
2 6661
1 5987
2 5194
2 8595
1 5782
2 7487
2 7254
0 6592
1 3395
2 264
0 6150
3 2080
3 5888
1 773
3 5420
0 307
0 5452
2 1305
1 8482
2 8647
3 8547
1 4850
0 3086
1 6043
3 7692
3 1214
1 3774
3 3432
0 2150
2 2024
3 1681
0 5306
3 6263
2 9965
2 3269
3 3628
1 806
2 4744
0 9354
3 7671
1 2555
3 717
0 6390
0 9484
2 4599
0 994
2 4475
2 5145
0 624
3 795
3 2501
0 9548
3 1745
0 1417
3 3172
3 3473
0 8188
2 6755
2 8539
3 4614
3 75
0 6032
1 4731
2 1170
3 7720
3 2835
0 404
2 8343
0 4669
2 6698
2 3385
1 5544
1 4722
0 3775
1 3306
1 9867
1 1672
1 5872
3 742
0 6082
3 1513
3 521
1 2477
3 7014
2 1277
2 1270
3 9657
1 9697
2 3840
3 2055
2 2358
1 9722
1 8054
1 9202
0 6538
3 8315
3 3503
1 4123
0 6375
1 6282
0 1730
1 7062
0 9900
3 3030
1 7326
3 8179
1 3860
2 9262
3 9246
1 1629
3 6664
0 8640
2 7893
0 6217
3 1793
0 2069
3 3950
0 1964
0 8981
0 5442
0 7656
1 918
3 3097
2 42
1 8182
2 4828
3 604
0 0
3 1841
2 3574
3 2417
2 1202
0 8062
2 5858
3 6730
3 2200
0 1732
1 1777
0 3218
2 472
0 3324
2 3590
2 5290
3 5778
2 7375
0 5953
3 8974
2 146
2 325
2 3243
2 8109
0 8349
1 9232
1 9817
0 2508
0 5606
2 1121
3 1066
2 7607
1 1883
0 306
0 3475
0 3763
1 97
3 9223
0 8799
0 9973
3 5969
1 5365
0 9571
0 5146
0 3022
2 963
3 5342
3 1261
2 601
1 8069
3 602
3 7661
2 189
1 1038
1 9302
1 8705
1 7866
1 3988
0 3610
2 660
0 4525
0 3963
3 7185
3 4519
3 2651
3 6773
0 1068
1 2920
2 5819
0 7071
3 3310
0 9173
0 9897
3 1248
1 4847
1 9365
0 4848
1 7800
1 2768
3 6938
3 4973
2 7461
1 317
0 729
0 6369
3 7235
0 4360
3 6641
3 3017
3 4285
1 9417
1 6441
0 1783
2 6669
0 1832
3 1977
3 5731
1 2197
2 244
0 2756
3 8579
1 2646
1 4936
3 4275
3 1045
2 2143
0 9587
3 3662
3 1615
2 8697
3 3275
0 4251
0 4235
2 4944
3 9042
3 3987
0 6146
3 2518
2 5019
3 3858
2 9314
0 5940
0 6426
0 1996
0 6821
2 2117
2 532
1 8670
0 9763
0 7244
0 2875
0 2732
1 5674
3 7162
0 7773
1 4405
3 5052
1 8190
0 4673
2 2813
