256 854
2133 8220 1983 2683 431 1619 7377 4105 8939 5381 6273 1329 6196 796 1685 7396 8644 7341 3682 6704 4046 5348 8260 8055 9514 7041 120 1751 6336 5918 7440 1154 860 287 377 5705 5048 9052 7986 3971 6582 60 6191 7231 3255 6117 8216 2201 5716 7842 1044 2289 605 4690 7796 4505 9258 8674 201 5905 7433 2051 9492 5113 8930 1514 9202 5773 8959 3402 7190 894 5732 1768 469 2835 9031 1688 9190 3467 4332 6946 4457 6140 5178 6265 6675 9790 806 6796 5229 633 237 7550 3659 2213 2298 199 7820 3969 4291 5503 881 4603 2019 3748 7510 9198 9214 8886 2266 1066 513 4624 5825 7917 1021 2093 4999 3165 8789 6660 1571 784 2969 6582 1263 3970 7594 8317 421 6345 3223 9736 4675 3403 1320 118 2183 3952 4595 2585 1346 5242 4975 3355 2438 2679 3101 3275 8757 1914 4894 5628 585 2421 5591 9089 3071 7925 4209 8157 8535 6076 2341 6838 923 4837 6643 8086 9328 9871 4695 4364 9384 2318 2407 9244 6576 6308 5935 3005 9740 2228 165 2452 1773 3333 762 8334 8522 3043 8986 6570 2902 2895 5824 2578 4711 7957 7761 9940 6851 3231 8070 5324 9855 7456 3569 173 3512 9986 2373 1282 626 9192 3265 6932 9317 4311 8759 9102 3422 1295 4235 6105 7473 6547 843 302 1680 3515 1154 837 304 2730 9957 1796 1594 8662 2887 9535 5321 7070 1333 4848 8781 1486 3182 3723 4075 775 2964 9203 6944 1378
80 8014
68 215
179 774
252 2588
179 1289
0 847
174 1577
61 5671
49 9516
199 3986
151 7465
169 1638
60 535
84 5861
138 627
67 6120
247 1171
225 7633
63 3853
97 8499
138 3719
192 2826
134 2630
110 4006
250 7686
232 1287
207 4610
221 4771
84 7999
72 2997
185 9222
225 210
196 7711
173 2837
12 232
63 2795
155 9643
111 5321
79 4940
32 6147
133 2072
194 8522
221 4700
42 3595
3 6218
94 8326
206 8711
105 1606
134 4052
246 2435
173 2263
97 6541
105 199
141 7809
229 8742
140 217
159 5757
67 1972
125 95
71 6951
80 622
139 3875
93 6337
175 4340
12 2906
183 5265
137 4787
86 7874
225 5004
67 1847
78 9952
102 9924
72 4329
203 460
230 5519
84 4963
45 9437
219 5219
235 5536
98 9005
162 8296
91 7645
156 3000
8 6725
124 1221
11 5851
190 3960
84 1546
79 1274
66 932
160 7928
128 8156
192 3076
22 7875
18 5170
236 9529
181 9261
4 8046
49 5820
124 9285
39 2755
85 4804
4 4867
123 5878
210 1099
189 1336
8 2972
254 1634
131 6124
250 2928
13 2205
44 8129
101 869
197 6993
2 1005
204 4237
49 7718
50 300
101 318
150 3947
43 2435
247 8073
136 1590
186 8882
159 8960
149 1787
215 6163
207 1538
149 6163
55 4376
229 71
27 9255
233 8596
21 8359
192 3528
37 9259
97 125
143 3600
127 6649
82 3649
205 7855
213 5202
132 2288
164 5223
252 2502
233 7522
92 896
178 1878
100 1523
21 5907
221 1330
244 2000
167 5482
92 1993
205 8715
196 200
254 2172
224 5964
43 6221
28 591
205 9180
36 7848
17 3225
173 8458
213 9335
221 4780
83 3731
208 2558
115 3792
222 9502
119 842
101 3280
127 2431
104 9196
102 389
86 4044
213 2235
224 338
154 5599
14 5219
213 8740
207 7285
253 6464
176 238
79 8568
193 9437
116 742
45 3139
129 1091
47 9965
137 7393
53 1302
144 1450
8 9097
199 1391
143 1549
101 972
128 1601
46 665
119 1281
129 9467
127 7781
194 814
182 6374
23 5216
52 5205
170 1505
5 6717
164 7302
59 6168
38 2522
214 2051
63 4817
236 958
108 25
205 8721
170 4029
146 3878
242 9096
32 7244
197 6674
255 2015
44 4750
164 9278
151 7128
188 5171
14 277
130 8940
55 8966
162 5940
211 4752
157 3663
45 5772
125 3379
168 5831
123 2307
81 870
45 2207
62 7819
222 1092
53 1440
8 7113
140 2210
113 4990
60 2089
25 8960
214 2142
80 1884
153 768
101 5465
98 8362
138 9020
191 4971
29 2493
124 452
89 9679
30 6010
117 525
179 2015
102 9961
155 5387
30 6770
57 9837
206 8051
228 1793
123 2719
187 8849
155 1846
193 8422
192 5430
228 1623
7 6889
253 8578
48 4285
121 8701
249 5472
56 2713
19 8626
213 4692
97 9379
48 55
220 0
5 9456
36 3238
124 8051
69 9927
174 4397
108 6393
82 1904
104 6576
54 1894
50 7748
31 8316
54 6348
44 5101
205 844
197 2508
29 2638
49 2943
122 1134
109 888
112 1247
240 6255
116 3544
185 6242
101 8514
13 5776
212 3319
38 9734
44 7888
179 1689
251 5775
3 9201
155 498
203 8461
145 6582
179 9405
16 6693
204 85
236 4069
125 3116
35 5532
241 5567
56 5236
153 2444
227 8427
190 321
181 4763
185 1718
37 6534
237 6889
32 4163
219 7318
159 2807
177 4733
73 7366
198 5786
65 9448
84 311
181 5057
70 8281
36 2856
151 3523
228 610
124 8846
108 8664
39 5271
90 4633
60 7450
53 1030
231 1904
132 1138
148 1236
228 658
87 1027
211 8819
153 3489
166 4058
161 6863
95 4361
52 8979
225 4882
17 7307
213 8599
152 9054
192 3018
116 6203
41 8932
222 4404
17 7721
96 343
17 6250
60 7139
166 7828
8 1002
199 9050
99 3196
86 4193
247 7350
132 7161
89 7531
230 102
102 4501
123 3256
92 5373
116 1074
196 1544
94 6916
187 36
170 5475
25 9053
14 6430
46 2476
67 1102
234 1884
123 5060
81 7243
154 1455
219 7259
212 7590
186 5074
187 1875
196 6764
161 3098
233 5958
235 2117
89 4381
147 6792
6 8788
194 8332
160 8355
48 4868
178 9801
147 3202
146 1919
116 8487
1 5311
13 6723
147 7433
178 8959
102 1557
67 4268
20 3762
218 644
156 386
172 8515
220 8586
187 7923
234 307
232 43
201 6136
103 3337
102 6780
23 1878
6 4384
162 8897
191 2454
156 2386
124 7875
168 6527
213 7184
216 9672
130 1690
225 7785
149 9996
46 9892
135 1781
109 2859
208 5420
216 5902
47 4779
132 6443
56 417
26 8013
225 5329
101 6820
6 1032
230 8835
201 2253
167 6552
100 1610
235 2416
211 4248
104 7268
189 7989
207 3833
145 6428
119 547
231 5543
80 859
133 8236
43 2827
143 3293
47 9349
100 8120
18 531
79 8599
194 7044
168 9458
244 670
71 2968
177 1092
245 9789
164 9054
148 6984
87 2636
93 3369
10 9668
233 7462
27 9884
40 8688
45 1830
26 9008
243 8
24 7064
56 7580
178 7157
247 3186
118 8452
80 7865
99 4730
114 6432
232 7620
69 5107
58 6262
92 2517
105 9883
222 9306
28 7871
236 2248
167 3682
50 4356
59 6683
54 2840
208 2148
38 2222
177 9937
154 7294
29 9123
148 8691
182 5199
89 1745
34 8888
33 8992
9 7035
139 1224
195 9569
248 7038
189 8107
84 8167
1 5800
29 8808
44 7633
91 4285
39 3054
36 6178
255 8186
111 7683
229 1293
89 173
130 5319
104 6839
125 4742
14 4414
198 2932
43 955
244 5183
141 2811
133 3821
212 298
179 1641
102 7582
183 2572
26 1631
126 3991
211 9443
157 4952
254 7452
133 1759
90 9833
237 4077
124 3342
184 837
175 7856
112 9914
99 7994
0 8273
2 1567
199 4819
186 4671
148 1189
18 34
221 8756
62 1983
230 3208
13 7410
237 4539
202 3762
51 3718
19 679
79 7330
63 155
77 7565
239 7086
39 7219
215 4463
44 8377
66 6175
212 2421
197 4456
171 6407
66 8722
11 6368
3 6988
162 6766
135 2327
103 3364
147 531
37 8679
4 2999
25 8938
161 4330
104 3681
118 888
111 4994
8 8787
13 7568
71 8296
206 434
172 8834
3 3491
93 8096
162 8326
55 4595
196 1416
213 8978
20 3277
63 6971
226 5348
57 2385
21 7420
165 9556
246 5469
34 2538
25 4421
39 2048
64 2613
204 7457
146 1387
243 7259
97 6204
142 4159
164 1054
140 3515
211 9463
7 1361
90 8652
24 4826
172 3206
158 6242
9 3681
103 7375
88 1957
52 6038
165 5641
240 450
139 2945
50 6980
103 4945
54 9222
162 6017
61 5816
115 4735
230 9720
185 6072
161 2784
152 1216
174 5970
18 8449
162 8383
65 6479
136 4645
48 5821
134 8396
193 6599
19 1168
240 7418
174 1023
38 6660
250 3760
12 7571
244 3515
4 9889
218 7531
78 8362
75 6695
117 5626
60 6029
100 2245
168 6249
179 5258
253 5335
174 408
2 8005
157 60
201 1863
231 140
24 1121
197 3452
16 3931
6 6293
122 5993
190 6685
100 1520
38 1049
132 7123
91 6956
87 1315
2 504
208 4616
225 2431
132 862
65 5904
87 9510
18 5723
173 1307
113 283
160 8310
68 8403
200 382
145 7408
111 4332
123 9094
114 6424
174 9833
216 9540
69 4106
59 7765
117 8243
180 3259
101 5538
219 8614
108 1779
231 7039
76 5473
61 6699
243 7990
220 7055
34 5286
76 6785
63 1026
4 4519
60 4022
117 2515
212 8288
228 7862
50 8119
55 6490
150 8352
26 9601
55 7906
98 7153
80 2645
213 1476
105 1935
226 1067
164 4196
83 5463
162 6434
11 846
135 7817
104 4848
152 1666
117 9285
175 4694
57 9156
214 8441
155 9390
51 8592
77 4855
243 6168
140 5696
65 5591
22 5263
254 7592
33 8756
134 7130
112 6026
117 1992
162 1505
235 864
187 7386
77 7896
29 3575
237 7602
221 9608
245 6852
111 1272
155 6207
111 771
58 1698
103 1718
80 5608
27 4555
20 708
17 6008
223 3415
177 7105
231 4089
172 7921
64 6946
219 1201
19 4107
135 7198
158 9902
90 4411
54 5438
70 8320
196 2350
159 9251
204 7858
199 3091
167 8575
179 9950
140 698
254 9093
186 3155
37 4909
110 5729
28 8114
128 6283
48 1937
27 701
20 5864
238 1744
114 5063
126 5839
247 7171
221 9878
45 8461
0 2131
241 6863
109 1379
198 9897
41 6636
107 512
4 1071
21 9997
186 4451
98 6993
239 2973
23 4530
130 763
221 7607
197 3534
12 1162
140 8921
240 4701
148 1997
135 8921
188 3204
32 9157
45 2968
82 5542
112 7875
67 7333
149 8690
205 9571
195 4301
61 47
177 5073
92 2587
197 7298
185 8433
