128 452
9535 6901 5368 8778 600 7849 5990 5631 5037 9918 37 3586 1374 5370 5853 2342 9386 9575 9305 2510 7964 6164 1151 4896 3906 5265 2676 5199 2938 6546 82 8470 5068 6758 3178 6271 8632 2174 8912 2018 8818 5292 4983 3866 100 61 3667 2977 979 2456 3745 8335 7194 6056 1263 6296 8354 4387 1696 7921 1709 4991 3507 1190 7052 8212 4693 2618 6232 5331 5351 1174 6105 8569 6067 846 4021 8167 4131 883 6837 1534 5529 372 3606 1151 5130 6461 7248 4476 9712 2191 9331 1745 4853 5908 1854 4214 9638 8065 4173 6278 3734 7216 7799 5648 8912 4328 8211 6124 9005 8249 5246 1927 9475 9735 8815 312 2081 7272 930 198 7169 4375 4615 8133 9841 2668
71 4996
105 4136
32 1517
67 7736
82 1415
97 5524
101 801
38 8435
80 6472
21 2804
79 8170
102 2601
40 5954
95 6142
56 7615
109 3422
120 4265
53 6649
62 6287
10 3973
41 7754
71 2128
44 6155
77 6342
73 5548
78 3672
59 8964
123 313
47 5312
25 2930
17 8612
83 585
116 7027
101 3289
3 2112
95 9242
103 3701
28 5692
124 8158
71 2088
93 5484
8 7178
86 5846
125 4182
66 7299
126 5151
62 8141
32 293
51 4250
119 7003
9 7223
8 5917
123 3304
94 3639
77 4716
125 3867
24 8600
98 4536
81 8481
106 6183
120 1055
1 8075
39 2485
46 1105
6 6154
66 3065
69 909
63 6480
40 3631
37 4947
61 8989
114 9274
63 4065
46 239
112 2441
95 213
125 6987
10 3952
59 6399
58 5829
120 1331
39 9401
60 3294
78 8509
72 5163
106 9829
71 2383
85 7843
126 7501
38 443
34 239
117 9840
54 8987
59 2251
26 2707
29 5281
120 8859
85 2097
38 2517
91 9211
85 2459
72 8940
28 6096
49 2945
43 6078
9 7095
8 5460
101 6338
70 2777
123 4713
78 1048
125 8388
48 3205
107 8809
92 1567
107 7968
24 9792
43 9135
76 8924
110 8834
102 4666
64 3355
10 7672
11 8114
53 9047
10 5836
12 3820
74 3094
105 5412
98 3748
54 9041
34 2240
14 2294
33 6684
67 8209
0 9081
106 9487
112 5724
34 3633
1 235
73 4167
49 7691
46 6278
24 6636
11 1276
108 3968
25 2087
45 1043
34 9728
98 7673
87 5795
83 156
119 7950
77 9405
92 7857
28 8294
32 2639
18 3602
112 1010
50 3267
1 6382
121 653
118 2617
77 1195
56 2965
19 5314
8 8468
56 7659
95 3243
8 6839
42 724
21 7125
12 3589
115 3698
120 2072
125 4710
87 7197
57 6380
44 3694
38 6295
50 1518
3 4694
25 9504
55 5809
97 9329
19 5841
123 3044
32 8955
12 6268
111 9286
120 8112
31 7745
37 6527
113 3584
32 8216
13 9038
51 7263
4 3838
46 8934
125 4602
125 7627
21 4492
48 8433
67 7914
15 399
96 4710
67 2332
13 8686
43 9102
0 9929
95 5197
46 2099
76 583
125 9434
95 8960
38 7855
120 9060
41 4626
94 3959
31 4225
59 3070
102 7140
85 7435
89 6004
75 4041
15 5318
40 7599
108 7028
109 1286
64 7621
102 5461
74 710
44 2619
75 1804
95 7310
1 8464
33 7823
16 5784
110 9936
43 6361
112 8728
23 5988
83 7252
123 3560
116 4349
22 8039
116 8735
91 7814
89 6590
111 466
99 5346
43 1710
27 4519
33 534
48 9018
114 2342
38 8722
54 9239
79 5398
67 1876
66 1232
83 4433
53 412
54 4956
73 3923
74 665
14 4007
93 7573
20 2174
85 4938
76 5446
116 6241
106 9516
43 2254
52 3702
45 6250
70 654
53 74
110 9520
48 5919
31 8510
93 39
127 9732
31 4676
67 9837
118 5439
59 4801
23 3446
87 2782
21 5568
68 1325
73 9335
96 8961
6 6869
32 5616
16 5987
17 8747
34 6352
62 1332
77 2323
97 388
49 3259
88 5455
120 6283
30 825
89 5474
84 3258
125 4708
44 5335
34 7609
88 6807
29 9054
10 5196
47 324
109 5240
55 4261
60 2027
7 7313
97 529
1 3857
118 7042
115 5695
101 6559
117 5268
22 3736
42 1734
17 4657
106 2231
114 2927
1 2665
51 6241
97 2149
1 839
61 912
12 5109
120 7381
0 1056
7 4482
84 2322
86 7790
110 653
107 7578
13 485
29 5140
64 5664
3 1559
30 4549
116 4955
103 9933
81 9400
70 6630
120 9137
72 332
84 2101
119 7294
49 1963
110 7409
90 3080
68 1835
68 5948
28 9792
52 9787
111 8533
124 867
28 5915
99 636
40 9794
115 705
53 9409
73 386
1 7791
94 3151
28 8293
77 3869
63 7980
36 667
17 4261
96 5939
58 1750
17 2149
62 9914
85 1716
101 1444
11 4244
78 3013
9 2138
103 2046
5 9527
8 5292
5 6959
21 6772
80 1822
123 7682
111 5998
12 7573
50 3633
62 7820
81 2752
118 9085
122 9644
127 6366
95 2812
99 2169
67 8901
36 9795
83 7766
4 3726
122 1467
107 9855
116 5064
85 600
95 1051
87 9208
26 2715
77 9804
112 4267
90 6334
34 9580
110 5447
98 2121
24 2780
71 6441
98 8541
8 342
27 3872
81 8765
116 8106
40 1300
62 1319
3 9717
5 2960
58 645
78 7832
126 5245
114 5997
22 5491
66 9638
115 7927
110 7829
122 5256
46 4843
111 214
26 7171
28 5343
25 4744
53 7690
96 5059
127 4382
119 2887
4 4435
60 2173
115 3535
